sample_accuracy,sample_tp,sample_tn,sample_fp,sample_fn,num_samples,top1_idx,top1_positive,has_positive,top1_tp,top1_fp,top1_tn,top1_fn,prediction_idx,prediction_class,prediction_accuracy,prediction_tp,prediction_tn,prediction_fp,prediction_fn,model_params,verifier_subset,weaver_sample_scores,class_balance,problem,set,close_train_idx,distance,difficulty
0.46,34,12,54,0,100,0,0,1,0,0,0,1,17,0,1,0,1,0,0,"(array([0.75753897]), array([0.632613]), array([0.35699534]), array([0.235484]))",['DeepSeekQwen (32B)'],"[0.615954796362195, 0.615954796362195, 0.615954796362195, 0.615954796362195, 0.615954796362195, 0.615954796362195, 0.615954796362195, 0.615954796362195, 0.615954796362195, 0.615954796362195, 0.615954796362195, 0.615954796362195, 0.615954796362195, 0.615954796362195, 0.615954796362195, 0.615954796362195, 0.615954796362195, 0.21957328582560462, 0.615954796362195, 0.21957328582560462, 0.615954796362195, 0.615954796362195, 0.21957328582560462, 0.615954796362195, 0.21957328582560462, 0.615954796362195, 0.615954796362195, 0.615954796362195, 0.615954796362195, 0.615954796362195, 0.615954796362195, 0.615954796362195, 0.21957328582560462, 0.615954796362195, 0.615954796362195, 0.615954796362195, 0.615954796362195, 0.615954796362195, 0.615954796362195, 0.21957328582560462, 0.615954796362195, 0.21957328582560462, 0.615954796362195, 0.615954796362195, 0.615954796362195, 0.615954796362195, 0.615954796362195, 0.615954796362195, 0.615954796362195, 0.615954796362195, 0.615954796362195, 0.615954796362195, 0.615954796362195, 0.615954796362195, 0.615954796362195, 0.615954796362195, 0.21957328582560462, 0.615954796362195, 0.615954796362195, 0.615954796362195, 0.615954796362195, 0.21957328582560462, 0.615954796362195, 0.615954796362195, 0.615954796362195, 0.21957328582560462, 0.615954796362195, 0.615954796362195, 0.615954796362195, 0.21957328582560462, 0.615954796362195, 0.615954796362195, 0.615954796362195, 0.615954796362195, 0.615954796362195, 0.615954796362195, 0.615954796362195, 0.615954796362195, 0.615954796362195, 0.615954796362195, 0.615954796362195, 0.615954796362195, 0.615954796362195, 0.615954796362195, 0.615954796362195, 0.615954796362195, 0.615954796362195, 0.615954796362195, 0.21957328582560462, 0.615954796362195, 0.615954796362195, 0.615954796362195, 0.615954796362195, 0.615954796362195, 0.615954796362195, 0.615954796362195, 0.615954796362195, 0.615954796362195, 0.615954796362195, 0.615954796362195]",0.34,0,test,,0.0,3
0.99,0,99,1,0,100,77,0,0,0,0,1,0,0,0,1,0,1,0,0,"(array([0.75753897]), array([0.632613]), array([0.35699534]), array([0.235484]))",['DeepSeekQwen (32B)'],"[0.21957328582560462, 0.21957328582560462, 0.21957328582560462, 0.21957328582560462, 0.21957328582560462, 0.21957328582560462, 0.21957328582560462, 0.21957328582560462, 0.21957328582560462, 0.21957328582560462, 0.21957328582560462, 0.21957328582560462, 0.21957328582560462, 0.21957328582560462, 0.21957328582560462, 0.21957328582560462, 0.21957328582560462, 0.21957328582560462, 0.21957328582560462, 0.21957328582560462, 0.21957328582560462, 0.21957328582560462, 0.21957328582560462, 0.21957328582560462, 0.21957328582560462, 0.21957328582560462, 0.21957328582560462, 0.21957328582560462, 0.21957328582560462, 0.21957328582560462, 0.21957328582560462, 0.21957328582560462, 0.21957328582560462, 0.21957328582560462, 0.21957328582560462, 0.21957328582560462, 0.21957328582560462, 0.21957328582560462, 0.21957328582560462, 0.21957328582560462, 0.21957328582560462, 0.21957328582560462, 0.21957328582560462, 0.21957328582560462, 0.21957328582560462, 0.21957328582560462, 0.21957328582560462, 0.21957328582560462, 0.21957328582560462, 0.21957328582560462, 0.21957328582560462, 0.21957328582560462, 0.21957328582560462, 0.21957328582560462, 0.21957328582560462, 0.21957328582560462, 0.21957328582560462, 0.21957328582560462, 0.21957328582560462, 0.21957328582560462, 0.21957328582560462, 0.21957328582560462, 0.21957328582560462, 0.21957328582560462, 0.21957328582560462, 0.21957328582560462, 0.21957328582560462, 0.21957328582560462, 0.21957328582560462, 0.21957328582560462, 0.21957328582560462, 0.21957328582560462, 0.21957328582560462, 0.21957328582560462, 0.21957328582560462, 0.21957328582560462, 0.21957328582560462, 0.615954796362195, 0.21957328582560462, 0.21957328582560462, 0.21957328582560462, 0.21957328582560462, 0.21957328582560462, 0.21957328582560462, 0.21957328582560462, 0.21957328582560462, 0.21957328582560462, 0.21957328582560462, 0.21957328582560462, 0.21957328582560462, 0.21957328582560462, 0.21957328582560462, 0.21957328582560462, 0.21957328582560462, 0.21957328582560462, 0.21957328582560462, 0.21957328582560462, 0.21957328582560462, 0.21957328582560462, 0.21957328582560462]",0.0,1,test,,0.0,0
0.96,14,82,1,3,100,5,1,1,1,0,0,0,0,0,0,0,0,0,1,"(array([0.75753897]), array([0.632613]), array([0.35699534]), array([0.235484]))",['DeepSeekQwen (32B)'],"[0.21957328582560462, 0.21957328582560462, 0.21957328582560462, 0.21957328582560462, 0.21957328582560462, 0.615954796362195, 0.615954796362195, 0.21957328582560462, 0.21957328582560462, 0.21957328582560462, 0.21957328582560462, 0.21957328582560462, 0.21957328582560462, 0.615954796362195, 0.21957328582560462, 0.21957328582560462, 0.21957328582560462, 0.615954796362195, 0.21957328582560462, 0.21957328582560462, 0.21957328582560462, 0.21957328582560462, 0.21957328582560462, 0.21957328582560462, 0.615954796362195, 0.21957328582560462, 0.615954796362195, 0.21957328582560462, 0.21957328582560462, 0.21957328582560462, 0.21957328582560462, 0.21957328582560462, 0.21957328582560462, 0.21957328582560462, 0.21957328582560462, 0.21957328582560462, 0.21957328582560462, 0.21957328582560462, 0.21957328582560462, 0.21957328582560462, 0.21957328582560462, 0.21957328582560462, 0.21957328582560462, 0.21957328582560462, 0.21957328582560462, 0.615954796362195, 0.21957328582560462, 0.21957328582560462, 0.21957328582560462, 0.21957328582560462, 0.21957328582560462, 0.21957328582560462, 0.21957328582560462, 0.21957328582560462, 0.21957328582560462, 0.21957328582560462, 0.21957328582560462, 0.21957328582560462, 0.615954796362195, 0.21957328582560462, 0.21957328582560462, 0.21957328582560462, 0.21957328582560462, 0.615954796362195, 0.21957328582560462, 0.21957328582560462, 0.615954796362195, 0.21957328582560462, 0.21957328582560462, 0.21957328582560462, 0.21957328582560462, 0.21957328582560462, 0.21957328582560462, 0.21957328582560462, 0.21957328582560462, 0.21957328582560462, 0.21957328582560462, 0.21957328582560462, 0.21957328582560462, 0.615954796362195, 0.615954796362195, 0.21957328582560462, 0.21957328582560462, 0.615954796362195, 0.21957328582560462, 0.615954796362195, 0.21957328582560462, 0.21957328582560462, 0.21957328582560462, 0.21957328582560462, 0.615954796362195, 0.21957328582560462, 0.21957328582560462, 0.21957328582560462, 0.21957328582560462, 0.21957328582560462, 0.21957328582560462, 0.21957328582560462, 0.21957328582560462, 0.21957328582560462]",0.17,2,test,,0.0,1
0.89,1,88,11,0,100,5,0,1,0,0,0,1,0,0,1,0,1,0,0,"(array([0.75753897]), array([0.632613]), array([0.35699534]), array([0.235484]))",['DeepSeekQwen (32B)'],"[0.21957328582560462, 0.21957328582560462, 0.21957328582560462, 0.21957328582560462, 0.21957328582560462, 0.615954796362195, 0.21957328582560462, 0.21957328582560462, 0.21957328582560462, 0.615954796362195, 0.21957328582560462, 0.21957328582560462, 0.21957328582560462, 0.21957328582560462, 0.21957328582560462, 0.21957328582560462, 0.615954796362195, 0.21957328582560462, 0.21957328582560462, 0.21957328582560462, 0.21957328582560462, 0.21957328582560462, 0.21957328582560462, 0.615954796362195, 0.21957328582560462, 0.21957328582560462, 0.21957328582560462, 0.21957328582560462, 0.21957328582560462, 0.21957328582560462, 0.21957328582560462, 0.21957328582560462, 0.21957328582560462, 0.21957328582560462, 0.21957328582560462, 0.21957328582560462, 0.615954796362195, 0.21957328582560462, 0.615954796362195, 0.21957328582560462, 0.21957328582560462, 0.21957328582560462, 0.615954796362195, 0.21957328582560462, 0.21957328582560462, 0.21957328582560462, 0.21957328582560462, 0.21957328582560462, 0.21957328582560462, 0.615954796362195, 0.21957328582560462, 0.21957328582560462, 0.21957328582560462, 0.21957328582560462, 0.615954796362195, 0.21957328582560462, 0.21957328582560462, 0.21957328582560462, 0.21957328582560462, 0.21957328582560462, 0.615954796362195, 0.21957328582560462, 0.21957328582560462, 0.21957328582560462, 0.21957328582560462, 0.21957328582560462, 0.615954796362195, 0.21957328582560462, 0.21957328582560462, 0.21957328582560462, 0.21957328582560462, 0.21957328582560462, 0.21957328582560462, 0.21957328582560462, 0.21957328582560462, 0.21957328582560462, 0.21957328582560462, 0.21957328582560462, 0.21957328582560462, 0.21957328582560462, 0.21957328582560462, 0.21957328582560462, 0.21957328582560462, 0.21957328582560462, 0.21957328582560462, 0.21957328582560462, 0.21957328582560462, 0.21957328582560462, 0.21957328582560462, 0.21957328582560462, 0.21957328582560462, 0.615954796362195, 0.21957328582560462, 0.21957328582560462, 0.21957328582560462, 0.21957328582560462, 0.21957328582560462, 0.21957328582560462, 0.21957328582560462, 0.21957328582560462]",0.01,3,test,,0.0,0
0.51,0,51,49,0,100,2,0,0,0,0,1,0,0,0,1,0,1,0,0,"(array([0.75753897]), array([0.632613]), array([0.35699534]), array([0.235484]))",['DeepSeekQwen (32B)'],"[0.21957328582560462, 0.21957328582560462, 0.615954796362195, 0.21957328582560462, 0.615954796362195, 0.615954796362195, 0.615954796362195, 0.21957328582560462, 0.21957328582560462, 0.21957328582560462, 0.615954796362195, 0.21957328582560462, 0.21957328582560462, 0.21957328582560462, 0.615954796362195, 0.615954796362195, 0.21957328582560462, 0.615954796362195, 0.615954796362195, 0.21957328582560462, 0.21957328582560462, 0.615954796362195, 0.615954796362195, 0.615954796362195, 0.615954796362195, 0.615954796362195, 0.615954796362195, 0.21957328582560462, 0.21957328582560462, 0.21957328582560462, 0.21957328582560462, 0.21957328582560462, 0.21957328582560462, 0.21957328582560462, 0.615954796362195, 0.21957328582560462, 0.615954796362195, 0.21957328582560462, 0.615954796362195, 0.21957328582560462, 0.21957328582560462, 0.615954796362195, 0.21957328582560462, 0.21957328582560462, 0.615954796362195, 0.615954796362195, 0.615954796362195, 0.21957328582560462, 0.21957328582560462, 0.21957328582560462, 0.615954796362195, 0.21957328582560462, 0.615954796362195, 0.615954796362195, 0.615954796362195, 0.615954796362195, 0.21957328582560462, 0.615954796362195, 0.21957328582560462, 0.615954796362195, 0.21957328582560462, 0.615954796362195, 0.21957328582560462, 0.21957328582560462, 0.615954796362195, 0.615954796362195, 0.21957328582560462, 0.615954796362195, 0.21957328582560462, 0.21957328582560462, 0.615954796362195, 0.615954796362195, 0.615954796362195, 0.21957328582560462, 0.615954796362195, 0.21957328582560462, 0.21957328582560462, 0.615954796362195, 0.615954796362195, 0.615954796362195, 0.21957328582560462, 0.21957328582560462, 0.615954796362195, 0.615954796362195, 0.615954796362195, 0.21957328582560462, 0.615954796362195, 0.615954796362195, 0.21957328582560462, 0.615954796362195, 0.21957328582560462, 0.615954796362195, 0.21957328582560462, 0.615954796362195, 0.21957328582560462, 0.21957328582560462, 0.21957328582560462, 0.21957328582560462, 0.615954796362195, 0.21957328582560462]",0.0,4,test,,0.0,0
0.62,4,58,37,1,100,0,1,1,1,0,0,0,1,0,1,0,1,0,0,"(array([0.75753897]), array([0.632613]), array([0.35699534]), array([0.235484]))",['DeepSeekQwen (32B)'],"[0.615954796362195, 0.21957328582560462, 0.21957328582560462, 0.21957328582560462, 0.21957328582560462, 0.615954796362195, 0.21957328582560462, 0.615954796362195, 0.21957328582560462, 0.21957328582560462, 0.21957328582560462, 0.615954796362195, 0.615954796362195, 0.21957328582560462, 0.21957328582560462, 0.21957328582560462, 0.615954796362195, 0.615954796362195, 0.615954796362195, 0.615954796362195, 0.615954796362195, 0.21957328582560462, 0.615954796362195, 0.21957328582560462, 0.615954796362195, 0.21957328582560462, 0.21957328582560462, 0.21957328582560462, 0.21957328582560462, 0.21957328582560462, 0.21957328582560462, 0.615954796362195, 0.615954796362195, 0.615954796362195, 0.21957328582560462, 0.21957328582560462, 0.21957328582560462, 0.21957328582560462, 0.615954796362195, 0.615954796362195, 0.21957328582560462, 0.615954796362195, 0.615954796362195, 0.615954796362195, 0.21957328582560462, 0.21957328582560462, 0.21957328582560462, 0.615954796362195, 0.21957328582560462, 0.21957328582560462, 0.615954796362195, 0.21957328582560462, 0.21957328582560462, 0.615954796362195, 0.615954796362195, 0.21957328582560462, 0.21957328582560462, 0.615954796362195, 0.21957328582560462, 0.21957328582560462, 0.21957328582560462, 0.615954796362195, 0.21957328582560462, 0.21957328582560462, 0.21957328582560462, 0.21957328582560462, 0.21957328582560462, 0.21957328582560462, 0.21957328582560462, 0.615954796362195, 0.615954796362195, 0.21957328582560462, 0.615954796362195, 0.615954796362195, 0.615954796362195, 0.615954796362195, 0.21957328582560462, 0.21957328582560462, 0.21957328582560462, 0.21957328582560462, 0.21957328582560462, 0.21957328582560462, 0.21957328582560462, 0.615954796362195, 0.615954796362195, 0.21957328582560462, 0.21957328582560462, 0.615954796362195, 0.615954796362195, 0.615954796362195, 0.615954796362195, 0.21957328582560462, 0.21957328582560462, 0.21957328582560462, 0.21957328582560462, 0.21957328582560462, 0.615954796362195, 0.615954796362195, 0.615954796362195, 0.21957328582560462]",0.05,5,test,,0.0,0
0.79,51,28,4,17,100,0,1,1,1,0,0,0,5,0,0,0,0,0,1,"(array([0.75753897]), array([0.632613]), array([0.35699534]), array([0.235484]))",['DeepSeekQwen (32B)'],"[0.615954796362195, 0.615954796362195, 0.615954796362195, 0.615954796362195, 0.615954796362195, 0.21957328582560462, 0.615954796362195, 0.21957328582560462, 0.21957328582560462, 0.21957328582560462, 0.615954796362195, 0.615954796362195, 0.615954796362195, 0.21957328582560462, 0.615954796362195, 0.21957328582560462, 0.21957328582560462, 0.615954796362195, 0.21957328582560462, 0.615954796362195, 0.615954796362195, 0.615954796362195, 0.21957328582560462, 0.615954796362195, 0.615954796362195, 0.615954796362195, 0.615954796362195, 0.615954796362195, 0.615954796362195, 0.615954796362195, 0.615954796362195, 0.21957328582560462, 0.21957328582560462, 0.615954796362195, 0.615954796362195, 0.21957328582560462, 0.615954796362195, 0.21957328582560462, 0.21957328582560462, 0.615954796362195, 0.21957328582560462, 0.21957328582560462, 0.21957328582560462, 0.21957328582560462, 0.21957328582560462, 0.615954796362195, 0.21957328582560462, 0.615954796362195, 0.21957328582560462, 0.21957328582560462, 0.615954796362195, 0.615954796362195, 0.21957328582560462, 0.21957328582560462, 0.615954796362195, 0.21957328582560462, 0.615954796362195, 0.21957328582560462, 0.615954796362195, 0.615954796362195, 0.615954796362195, 0.21957328582560462, 0.21957328582560462, 0.615954796362195, 0.615954796362195, 0.21957328582560462, 0.615954796362195, 0.21957328582560462, 0.21957328582560462, 0.21957328582560462, 0.21957328582560462, 0.21957328582560462, 0.21957328582560462, 0.615954796362195, 0.21957328582560462, 0.615954796362195, 0.21957328582560462, 0.21957328582560462, 0.21957328582560462, 0.615954796362195, 0.615954796362195, 0.21957328582560462, 0.21957328582560462, 0.615954796362195, 0.615954796362195, 0.615954796362195, 0.615954796362195, 0.615954796362195, 0.615954796362195, 0.615954796362195, 0.615954796362195, 0.21957328582560462, 0.615954796362195, 0.615954796362195, 0.615954796362195, 0.615954796362195, 0.21957328582560462, 0.21957328582560462, 0.21957328582560462, 0.615954796362195]",0.68,6,test,,0.0,6
0.75,54,21,21,4,100,0,1,1,1,0,0,0,1,0,0,0,0,0,1,"(array([0.75753897]), array([0.632613]), array([0.35699534]), array([0.235484]))",['DeepSeekQwen (32B)'],"[0.615954796362195, 0.21957328582560462, 0.615954796362195, 0.615954796362195, 0.615954796362195, 0.21957328582560462, 0.21957328582560462, 0.615954796362195, 0.615954796362195, 0.21957328582560462, 0.21957328582560462, 0.615954796362195, 0.615954796362195, 0.615954796362195, 0.615954796362195, 0.21957328582560462, 0.615954796362195, 0.21957328582560462, 0.21957328582560462, 0.615954796362195, 0.615954796362195, 0.615954796362195, 0.21957328582560462, 0.615954796362195, 0.615954796362195, 0.615954796362195, 0.615954796362195, 0.615954796362195, 0.615954796362195, 0.615954796362195, 0.615954796362195, 0.615954796362195, 0.615954796362195, 0.615954796362195, 0.615954796362195, 0.615954796362195, 0.615954796362195, 0.615954796362195, 0.615954796362195, 0.21957328582560462, 0.615954796362195, 0.615954796362195, 0.615954796362195, 0.615954796362195, 0.615954796362195, 0.615954796362195, 0.615954796362195, 0.21957328582560462, 0.615954796362195, 0.615954796362195, 0.615954796362195, 0.615954796362195, 0.615954796362195, 0.615954796362195, 0.615954796362195, 0.615954796362195, 0.615954796362195, 0.615954796362195, 0.615954796362195, 0.21957328582560462, 0.615954796362195, 0.615954796362195, 0.615954796362195, 0.21957328582560462, 0.615954796362195, 0.21957328582560462, 0.615954796362195, 0.615954796362195, 0.615954796362195, 0.615954796362195, 0.21957328582560462, 0.21957328582560462, 0.615954796362195, 0.21957328582560462, 0.615954796362195, 0.615954796362195, 0.615954796362195, 0.615954796362195, 0.21957328582560462, 0.615954796362195, 0.615954796362195, 0.615954796362195, 0.615954796362195, 0.615954796362195, 0.615954796362195, 0.21957328582560462, 0.615954796362195, 0.21957328582560462, 0.615954796362195, 0.615954796362195, 0.21957328582560462, 0.21957328582560462, 0.615954796362195, 0.21957328582560462, 0.615954796362195, 0.21957328582560462, 0.615954796362195, 0.615954796362195, 0.615954796362195, 0.21957328582560462]",0.58,7,test,,0.0,5
0.94,0,94,6,0,100,20,0,0,0,0,1,0,0,0,1,0,1,0,0,"(array([0.75753897]), array([0.632613]), array([0.35699534]), array([0.235484]))",['DeepSeekQwen (32B)'],"[0.21957328582560462, 0.21957328582560462, 0.21957328582560462, 0.21957328582560462, 0.21957328582560462, 0.21957328582560462, 0.21957328582560462, 0.21957328582560462, 0.21957328582560462, 0.21957328582560462, 0.21957328582560462, 0.21957328582560462, 0.21957328582560462, 0.21957328582560462, 0.21957328582560462, 0.21957328582560462, 0.21957328582560462, 0.21957328582560462, 0.21957328582560462, 0.21957328582560462, 0.615954796362195, 0.21957328582560462, 0.21957328582560462, 0.21957328582560462, 0.21957328582560462, 0.21957328582560462, 0.21957328582560462, 0.21957328582560462, 0.21957328582560462, 0.21957328582560462, 0.21957328582560462, 0.21957328582560462, 0.21957328582560462, 0.21957328582560462, 0.615954796362195, 0.21957328582560462, 0.615954796362195, 0.21957328582560462, 0.21957328582560462, 0.21957328582560462, 0.21957328582560462, 0.21957328582560462, 0.21957328582560462, 0.21957328582560462, 0.21957328582560462, 0.615954796362195, 0.21957328582560462, 0.21957328582560462, 0.21957328582560462, 0.21957328582560462, 0.21957328582560462, 0.21957328582560462, 0.21957328582560462, 0.21957328582560462, 0.21957328582560462, 0.21957328582560462, 0.21957328582560462, 0.21957328582560462, 0.21957328582560462, 0.21957328582560462, 0.21957328582560462, 0.21957328582560462, 0.21957328582560462, 0.615954796362195, 0.21957328582560462, 0.21957328582560462, 0.21957328582560462, 0.21957328582560462, 0.21957328582560462, 0.21957328582560462, 0.21957328582560462, 0.21957328582560462, 0.21957328582560462, 0.21957328582560462, 0.21957328582560462, 0.21957328582560462, 0.21957328582560462, 0.21957328582560462, 0.615954796362195, 0.21957328582560462, 0.21957328582560462, 0.21957328582560462, 0.21957328582560462, 0.21957328582560462, 0.21957328582560462, 0.21957328582560462, 0.21957328582560462, 0.21957328582560462, 0.21957328582560462, 0.21957328582560462, 0.21957328582560462, 0.21957328582560462, 0.21957328582560462, 0.21957328582560462, 0.21957328582560462, 0.21957328582560462, 0.21957328582560462, 0.21957328582560462, 0.21957328582560462, 0.21957328582560462]",0.0,8,test,,0.0,0
0.91,12,79,6,3,100,6,1,1,1,0,0,0,0,0,1,0,1,0,0,"(array([0.75753897]), array([0.632613]), array([0.35699534]), array([0.235484]))",['DeepSeekQwen (32B)'],"[0.21957328582560462, 0.21957328582560462, 0.21957328582560462, 0.21957328582560462, 0.21957328582560462, 0.21957328582560462, 0.615954796362195, 0.21957328582560462, 0.21957328582560462, 0.21957328582560462, 0.21957328582560462, 0.21957328582560462, 0.21957328582560462, 0.21957328582560462, 0.21957328582560462, 0.21957328582560462, 0.615954796362195, 0.21957328582560462, 0.615954796362195, 0.21957328582560462, 0.615954796362195, 0.21957328582560462, 0.615954796362195, 0.615954796362195, 0.21957328582560462, 0.21957328582560462, 0.21957328582560462, 0.21957328582560462, 0.615954796362195, 0.21957328582560462, 0.21957328582560462, 0.21957328582560462, 0.21957328582560462, 0.21957328582560462, 0.21957328582560462, 0.21957328582560462, 0.615954796362195, 0.21957328582560462, 0.21957328582560462, 0.21957328582560462, 0.21957328582560462, 0.21957328582560462, 0.21957328582560462, 0.21957328582560462, 0.21957328582560462, 0.21957328582560462, 0.615954796362195, 0.21957328582560462, 0.21957328582560462, 0.21957328582560462, 0.21957328582560462, 0.21957328582560462, 0.21957328582560462, 0.615954796362195, 0.21957328582560462, 0.21957328582560462, 0.21957328582560462, 0.21957328582560462, 0.615954796362195, 0.21957328582560462, 0.21957328582560462, 0.21957328582560462, 0.615954796362195, 0.21957328582560462, 0.21957328582560462, 0.21957328582560462, 0.615954796362195, 0.21957328582560462, 0.21957328582560462, 0.21957328582560462, 0.615954796362195, 0.615954796362195, 0.21957328582560462, 0.21957328582560462, 0.21957328582560462, 0.615954796362195, 0.21957328582560462, 0.21957328582560462, 0.21957328582560462, 0.21957328582560462, 0.21957328582560462, 0.21957328582560462, 0.21957328582560462, 0.21957328582560462, 0.21957328582560462, 0.615954796362195, 0.21957328582560462, 0.21957328582560462, 0.21957328582560462, 0.21957328582560462, 0.615954796362195, 0.21957328582560462, 0.21957328582560462, 0.21957328582560462, 0.21957328582560462, 0.21957328582560462, 0.21957328582560462, 0.21957328582560462, 0.21957328582560462, 0.21957328582560462]",0.15,9,test,,0.0,1
0.72,27,45,28,0,100,1,0,1,0,0,0,1,0,0,1,0,1,0,0,"(array([0.75753897]), array([0.632613]), array([0.35699534]), array([0.235484]))",['DeepSeekQwen (32B)'],"[0.21957328582560462, 0.615954796362195, 0.21957328582560462, 0.615954796362195, 0.615954796362195, 0.21957328582560462, 0.21957328582560462, 0.615954796362195, 0.21957328582560462, 0.615954796362195, 0.615954796362195, 0.615954796362195, 0.615954796362195, 0.21957328582560462, 0.615954796362195, 0.615954796362195, 0.21957328582560462, 0.21957328582560462, 0.21957328582560462, 0.21957328582560462, 0.615954796362195, 0.615954796362195, 0.21957328582560462, 0.615954796362195, 0.21957328582560462, 0.615954796362195, 0.615954796362195, 0.21957328582560462, 0.615954796362195, 0.21957328582560462, 0.21957328582560462, 0.21957328582560462, 0.21957328582560462, 0.615954796362195, 0.21957328582560462, 0.615954796362195, 0.21957328582560462, 0.21957328582560462, 0.21957328582560462, 0.21957328582560462, 0.615954796362195, 0.615954796362195, 0.615954796362195, 0.21957328582560462, 0.21957328582560462, 0.21957328582560462, 0.615954796362195, 0.21957328582560462, 0.21957328582560462, 0.21957328582560462, 0.21957328582560462, 0.615954796362195, 0.615954796362195, 0.615954796362195, 0.21957328582560462, 0.615954796362195, 0.21957328582560462, 0.615954796362195, 0.615954796362195, 0.21957328582560462, 0.615954796362195, 0.615954796362195, 0.615954796362195, 0.21957328582560462, 0.615954796362195, 0.615954796362195, 0.615954796362195, 0.615954796362195, 0.615954796362195, 0.21957328582560462, 0.615954796362195, 0.615954796362195, 0.615954796362195, 0.615954796362195, 0.21957328582560462, 0.21957328582560462, 0.615954796362195, 0.21957328582560462, 0.615954796362195, 0.21957328582560462, 0.615954796362195, 0.21957328582560462, 0.615954796362195, 0.615954796362195, 0.615954796362195, 0.615954796362195, 0.615954796362195, 0.615954796362195, 0.21957328582560462, 0.615954796362195, 0.615954796362195, 0.615954796362195, 0.21957328582560462, 0.615954796362195, 0.21957328582560462, 0.21957328582560462, 0.21957328582560462, 0.21957328582560462, 0.615954796362195, 0.615954796362195]",0.27,10,test,,0.0,2
0.73,60,13,15,12,100,0,1,1,1,0,0,0,3,0,0,0,0,0,1,"(array([0.75753897]), array([0.632613]), array([0.35699534]), array([0.235484]))",['DeepSeekQwen (32B)'],"[0.615954796362195, 0.615954796362195, 0.615954796362195, 0.21957328582560462, 0.615954796362195, 0.21957328582560462, 0.615954796362195, 0.615954796362195, 0.615954796362195, 0.615954796362195, 0.21957328582560462, 0.615954796362195, 0.615954796362195, 0.615954796362195, 0.615954796362195, 0.615954796362195, 0.615954796362195, 0.615954796362195, 0.615954796362195, 0.615954796362195, 0.615954796362195, 0.615954796362195, 0.615954796362195, 0.21957328582560462, 0.21957328582560462, 0.21957328582560462, 0.615954796362195, 0.615954796362195, 0.615954796362195, 0.615954796362195, 0.615954796362195, 0.615954796362195, 0.615954796362195, 0.615954796362195, 0.615954796362195, 0.615954796362195, 0.615954796362195, 0.615954796362195, 0.615954796362195, 0.21957328582560462, 0.615954796362195, 0.615954796362195, 0.615954796362195, 0.21957328582560462, 0.21957328582560462, 0.615954796362195, 0.21957328582560462, 0.615954796362195, 0.21957328582560462, 0.615954796362195, 0.21957328582560462, 0.615954796362195, 0.615954796362195, 0.615954796362195, 0.615954796362195, 0.615954796362195, 0.21957328582560462, 0.615954796362195, 0.21957328582560462, 0.615954796362195, 0.615954796362195, 0.21957328582560462, 0.21957328582560462, 0.21957328582560462, 0.615954796362195, 0.21957328582560462, 0.615954796362195, 0.615954796362195, 0.615954796362195, 0.21957328582560462, 0.615954796362195, 0.615954796362195, 0.615954796362195, 0.615954796362195, 0.615954796362195, 0.615954796362195, 0.615954796362195, 0.615954796362195, 0.21957328582560462, 0.615954796362195, 0.615954796362195, 0.21957328582560462, 0.21957328582560462, 0.615954796362195, 0.615954796362195, 0.615954796362195, 0.615954796362195, 0.615954796362195, 0.615954796362195, 0.615954796362195, 0.615954796362195, 0.615954796362195, 0.615954796362195, 0.615954796362195, 0.615954796362195, 0.21957328582560462, 0.21957328582560462, 0.615954796362195, 0.21957328582560462, 0.615954796362195]",0.72,11,test,,0.0,7
0.86,78,8,11,3,100,0,0,1,0,0,0,1,17,0,0,0,0,0,1,"(array([0.75753897]), array([0.632613]), array([0.35699534]), array([0.235484]))",['DeepSeekQwen (32B)'],"[0.615954796362195, 0.615954796362195, 0.615954796362195, 0.615954796362195, 0.615954796362195, 0.615954796362195, 0.615954796362195, 0.615954796362195, 0.615954796362195, 0.615954796362195, 0.615954796362195, 0.615954796362195, 0.615954796362195, 0.615954796362195, 0.615954796362195, 0.615954796362195, 0.615954796362195, 0.21957328582560462, 0.615954796362195, 0.615954796362195, 0.615954796362195, 0.21957328582560462, 0.615954796362195, 0.615954796362195, 0.615954796362195, 0.615954796362195, 0.615954796362195, 0.615954796362195, 0.615954796362195, 0.21957328582560462, 0.615954796362195, 0.615954796362195, 0.615954796362195, 0.615954796362195, 0.615954796362195, 0.615954796362195, 0.21957328582560462, 0.615954796362195, 0.615954796362195, 0.615954796362195, 0.615954796362195, 0.615954796362195, 0.615954796362195, 0.615954796362195, 0.615954796362195, 0.615954796362195, 0.615954796362195, 0.21957328582560462, 0.21957328582560462, 0.615954796362195, 0.615954796362195, 0.21957328582560462, 0.615954796362195, 0.615954796362195, 0.615954796362195, 0.615954796362195, 0.615954796362195, 0.615954796362195, 0.615954796362195, 0.615954796362195, 0.615954796362195, 0.615954796362195, 0.615954796362195, 0.615954796362195, 0.615954796362195, 0.615954796362195, 0.615954796362195, 0.615954796362195, 0.21957328582560462, 0.615954796362195, 0.615954796362195, 0.615954796362195, 0.615954796362195, 0.615954796362195, 0.615954796362195, 0.21957328582560462, 0.615954796362195, 0.615954796362195, 0.615954796362195, 0.615954796362195, 0.615954796362195, 0.615954796362195, 0.615954796362195, 0.615954796362195, 0.615954796362195, 0.615954796362195, 0.615954796362195, 0.615954796362195, 0.615954796362195, 0.21957328582560462, 0.615954796362195, 0.615954796362195, 0.615954796362195, 0.615954796362195, 0.21957328582560462, 0.615954796362195, 0.615954796362195, 0.615954796362195, 0.615954796362195, 0.615954796362195]",0.81,12,test,,0.0,8
0.88,83,5,2,10,100,0,1,1,1,0,0,0,5,0,0,0,0,0,1,"(array([0.75753897]), array([0.632613]), array([0.35699534]), array([0.235484]))",['DeepSeekQwen (32B)'],"[0.615954796362195, 0.615954796362195, 0.615954796362195, 0.615954796362195, 0.615954796362195, 0.21957328582560462, 0.615954796362195, 0.615954796362195, 0.615954796362195, 0.21957328582560462, 0.615954796362195, 0.615954796362195, 0.615954796362195, 0.615954796362195, 0.615954796362195, 0.615954796362195, 0.615954796362195, 0.615954796362195, 0.615954796362195, 0.615954796362195, 0.615954796362195, 0.21957328582560462, 0.615954796362195, 0.615954796362195, 0.615954796362195, 0.615954796362195, 0.21957328582560462, 0.615954796362195, 0.615954796362195, 0.615954796362195, 0.615954796362195, 0.615954796362195, 0.615954796362195, 0.615954796362195, 0.615954796362195, 0.615954796362195, 0.615954796362195, 0.615954796362195, 0.615954796362195, 0.615954796362195, 0.615954796362195, 0.615954796362195, 0.615954796362195, 0.615954796362195, 0.21957328582560462, 0.615954796362195, 0.615954796362195, 0.615954796362195, 0.615954796362195, 0.21957328582560462, 0.615954796362195, 0.615954796362195, 0.615954796362195, 0.615954796362195, 0.615954796362195, 0.21957328582560462, 0.615954796362195, 0.615954796362195, 0.615954796362195, 0.21957328582560462, 0.615954796362195, 0.615954796362195, 0.615954796362195, 0.615954796362195, 0.615954796362195, 0.615954796362195, 0.615954796362195, 0.615954796362195, 0.615954796362195, 0.615954796362195, 0.615954796362195, 0.615954796362195, 0.615954796362195, 0.615954796362195, 0.21957328582560462, 0.21957328582560462, 0.615954796362195, 0.615954796362195, 0.615954796362195, 0.615954796362195, 0.615954796362195, 0.615954796362195, 0.615954796362195, 0.615954796362195, 0.615954796362195, 0.615954796362195, 0.615954796362195, 0.21957328582560462, 0.21957328582560462, 0.21957328582560462, 0.615954796362195, 0.21957328582560462, 0.615954796362195, 0.615954796362195, 0.615954796362195, 0.615954796362195, 0.615954796362195, 0.615954796362195, 0.615954796362195, 0.21957328582560462]",0.93,13,test,,0.0,9
0.15,0,15,85,0,100,0,0,0,0,0,1,0,1,0,1,0,1,0,0,"(array([0.75753897]), array([0.632613]), array([0.35699534]), array([0.235484]))",['DeepSeekQwen (32B)'],"[0.615954796362195, 0.21957328582560462, 0.615954796362195, 0.615954796362195, 0.615954796362195, 0.615954796362195, 0.615954796362195, 0.21957328582560462, 0.615954796362195, 0.615954796362195, 0.615954796362195, 0.615954796362195, 0.615954796362195, 0.615954796362195, 0.615954796362195, 0.21957328582560462, 0.615954796362195, 0.615954796362195, 0.615954796362195, 0.615954796362195, 0.615954796362195, 0.615954796362195, 0.615954796362195, 0.615954796362195, 0.615954796362195, 0.615954796362195, 0.21957328582560462, 0.21957328582560462, 0.615954796362195, 0.615954796362195, 0.21957328582560462, 0.615954796362195, 0.615954796362195, 0.615954796362195, 0.615954796362195, 0.615954796362195, 0.615954796362195, 0.21957328582560462, 0.615954796362195, 0.615954796362195, 0.21957328582560462, 0.615954796362195, 0.615954796362195, 0.615954796362195, 0.615954796362195, 0.615954796362195, 0.615954796362195, 0.615954796362195, 0.615954796362195, 0.21957328582560462, 0.615954796362195, 0.615954796362195, 0.615954796362195, 0.615954796362195, 0.615954796362195, 0.615954796362195, 0.615954796362195, 0.615954796362195, 0.615954796362195, 0.615954796362195, 0.615954796362195, 0.615954796362195, 0.21957328582560462, 0.615954796362195, 0.21957328582560462, 0.615954796362195, 0.615954796362195, 0.615954796362195, 0.615954796362195, 0.615954796362195, 0.615954796362195, 0.615954796362195, 0.615954796362195, 0.615954796362195, 0.615954796362195, 0.615954796362195, 0.615954796362195, 0.615954796362195, 0.615954796362195, 0.21957328582560462, 0.615954796362195, 0.615954796362195, 0.615954796362195, 0.615954796362195, 0.615954796362195, 0.615954796362195, 0.615954796362195, 0.21957328582560462, 0.615954796362195, 0.615954796362195, 0.615954796362195, 0.615954796362195, 0.615954796362195, 0.21957328582560462, 0.21957328582560462, 0.615954796362195, 0.615954796362195, 0.615954796362195, 0.615954796362195, 0.615954796362195]",0.0,14,test,,0.0,0
0.88,83,5,2,10,100,0,1,1,1,0,0,0,8,0,1,0,1,0,0,"(array([0.75753897]), array([0.632613]), array([0.35699534]), array([0.235484]))",['DeepSeekQwen (32B)'],"[0.615954796362195, 0.615954796362195, 0.615954796362195, 0.615954796362195, 0.615954796362195, 0.615954796362195, 0.615954796362195, 0.615954796362195, 0.21957328582560462, 0.21957328582560462, 0.615954796362195, 0.615954796362195, 0.615954796362195, 0.615954796362195, 0.615954796362195, 0.615954796362195, 0.615954796362195, 0.615954796362195, 0.615954796362195, 0.615954796362195, 0.615954796362195, 0.21957328582560462, 0.21957328582560462, 0.615954796362195, 0.615954796362195, 0.615954796362195, 0.615954796362195, 0.615954796362195, 0.615954796362195, 0.615954796362195, 0.615954796362195, 0.615954796362195, 0.615954796362195, 0.615954796362195, 0.615954796362195, 0.615954796362195, 0.615954796362195, 0.615954796362195, 0.21957328582560462, 0.21957328582560462, 0.615954796362195, 0.21957328582560462, 0.615954796362195, 0.615954796362195, 0.615954796362195, 0.615954796362195, 0.615954796362195, 0.615954796362195, 0.615954796362195, 0.615954796362195, 0.21957328582560462, 0.615954796362195, 0.615954796362195, 0.615954796362195, 0.615954796362195, 0.615954796362195, 0.615954796362195, 0.615954796362195, 0.615954796362195, 0.615954796362195, 0.615954796362195, 0.615954796362195, 0.615954796362195, 0.615954796362195, 0.615954796362195, 0.615954796362195, 0.615954796362195, 0.21957328582560462, 0.615954796362195, 0.615954796362195, 0.615954796362195, 0.615954796362195, 0.615954796362195, 0.21957328582560462, 0.615954796362195, 0.615954796362195, 0.615954796362195, 0.615954796362195, 0.21957328582560462, 0.615954796362195, 0.615954796362195, 0.615954796362195, 0.615954796362195, 0.21957328582560462, 0.21957328582560462, 0.615954796362195, 0.615954796362195, 0.615954796362195, 0.615954796362195, 0.615954796362195, 0.615954796362195, 0.21957328582560462, 0.615954796362195, 0.615954796362195, 0.615954796362195, 0.615954796362195, 0.615954796362195, 0.615954796362195, 0.21957328582560462, 0.615954796362195]",0.93,15,test,,0.0,9
0.7,16,54,29,1,100,1,1,1,1,0,0,0,0,0,1,0,1,0,0,"(array([0.75753897]), array([0.632613]), array([0.35699534]), array([0.235484]))",['DeepSeekQwen (32B)'],"[0.21957328582560462, 0.615954796362195, 0.21957328582560462, 0.21957328582560462, 0.615954796362195, 0.615954796362195, 0.615954796362195, 0.21957328582560462, 0.21957328582560462, 0.21957328582560462, 0.615954796362195, 0.615954796362195, 0.21957328582560462, 0.615954796362195, 0.615954796362195, 0.21957328582560462, 0.21957328582560462, 0.615954796362195, 0.21957328582560462, 0.21957328582560462, 0.21957328582560462, 0.21957328582560462, 0.615954796362195, 0.21957328582560462, 0.21957328582560462, 0.21957328582560462, 0.21957328582560462, 0.21957328582560462, 0.21957328582560462, 0.615954796362195, 0.615954796362195, 0.21957328582560462, 0.615954796362195, 0.21957328582560462, 0.21957328582560462, 0.615954796362195, 0.21957328582560462, 0.21957328582560462, 0.615954796362195, 0.21957328582560462, 0.615954796362195, 0.615954796362195, 0.21957328582560462, 0.21957328582560462, 0.21957328582560462, 0.21957328582560462, 0.615954796362195, 0.21957328582560462, 0.21957328582560462, 0.615954796362195, 0.21957328582560462, 0.615954796362195, 0.21957328582560462, 0.21957328582560462, 0.615954796362195, 0.21957328582560462, 0.21957328582560462, 0.615954796362195, 0.21957328582560462, 0.21957328582560462, 0.21957328582560462, 0.615954796362195, 0.615954796362195, 0.615954796362195, 0.21957328582560462, 0.615954796362195, 0.615954796362195, 0.21957328582560462, 0.21957328582560462, 0.21957328582560462, 0.615954796362195, 0.615954796362195, 0.21957328582560462, 0.615954796362195, 0.21957328582560462, 0.615954796362195, 0.615954796362195, 0.21957328582560462, 0.21957328582560462, 0.21957328582560462, 0.615954796362195, 0.615954796362195, 0.615954796362195, 0.21957328582560462, 0.21957328582560462, 0.21957328582560462, 0.615954796362195, 0.615954796362195, 0.615954796362195, 0.615954796362195, 0.615954796362195, 0.21957328582560462, 0.615954796362195, 0.21957328582560462, 0.615954796362195, 0.615954796362195, 0.21957328582560462, 0.21957328582560462, 0.615954796362195, 0.615954796362195]",0.17,16,test,,0.0,1
0.74,0,74,26,0,100,2,0,0,0,0,1,0,0,0,1,0,1,0,0,"(array([0.75753897]), array([0.632613]), array([0.35699534]), array([0.235484]))",['DeepSeekQwen (32B)'],"[0.21957328582560462, 0.21957328582560462, 0.615954796362195, 0.21957328582560462, 0.21957328582560462, 0.21957328582560462, 0.21957328582560462, 0.21957328582560462, 0.21957328582560462, 0.21957328582560462, 0.21957328582560462, 0.21957328582560462, 0.21957328582560462, 0.615954796362195, 0.615954796362195, 0.21957328582560462, 0.615954796362195, 0.21957328582560462, 0.21957328582560462, 0.21957328582560462, 0.21957328582560462, 0.615954796362195, 0.21957328582560462, 0.615954796362195, 0.21957328582560462, 0.615954796362195, 0.21957328582560462, 0.21957328582560462, 0.615954796362195, 0.21957328582560462, 0.615954796362195, 0.615954796362195, 0.21957328582560462, 0.615954796362195, 0.21957328582560462, 0.615954796362195, 0.21957328582560462, 0.21957328582560462, 0.21957328582560462, 0.21957328582560462, 0.21957328582560462, 0.21957328582560462, 0.21957328582560462, 0.615954796362195, 0.21957328582560462, 0.21957328582560462, 0.21957328582560462, 0.615954796362195, 0.21957328582560462, 0.21957328582560462, 0.21957328582560462, 0.21957328582560462, 0.21957328582560462, 0.21957328582560462, 0.615954796362195, 0.21957328582560462, 0.21957328582560462, 0.21957328582560462, 0.21957328582560462, 0.21957328582560462, 0.21957328582560462, 0.21957328582560462, 0.615954796362195, 0.615954796362195, 0.21957328582560462, 0.615954796362195, 0.21957328582560462, 0.21957328582560462, 0.21957328582560462, 0.21957328582560462, 0.21957328582560462, 0.615954796362195, 0.21957328582560462, 0.21957328582560462, 0.615954796362195, 0.615954796362195, 0.21957328582560462, 0.21957328582560462, 0.21957328582560462, 0.21957328582560462, 0.21957328582560462, 0.615954796362195, 0.21957328582560462, 0.21957328582560462, 0.615954796362195, 0.21957328582560462, 0.21957328582560462, 0.21957328582560462, 0.615954796362195, 0.615954796362195, 0.21957328582560462, 0.21957328582560462, 0.21957328582560462, 0.21957328582560462, 0.21957328582560462, 0.21957328582560462, 0.21957328582560462, 0.21957328582560462, 0.615954796362195, 0.21957328582560462]",0.0,17,test,,0.0,0
1.0,100,0,0,0,100,0,1,1,1,0,0,0,0,1,1,1,0,0,0,"(array([0.75753897]), array([0.632613]), array([0.35699534]), array([0.235484]))",['DeepSeekQwen (32B)'],"[0.615954796362195, 0.615954796362195, 0.615954796362195, 0.615954796362195, 0.615954796362195, 0.615954796362195, 0.615954796362195, 0.615954796362195, 0.615954796362195, 0.615954796362195, 0.615954796362195, 0.615954796362195, 0.615954796362195, 0.615954796362195, 0.615954796362195, 0.615954796362195, 0.615954796362195, 0.615954796362195, 0.615954796362195, 0.615954796362195, 0.615954796362195, 0.615954796362195, 0.615954796362195, 0.615954796362195, 0.615954796362195, 0.615954796362195, 0.615954796362195, 0.615954796362195, 0.615954796362195, 0.615954796362195, 0.615954796362195, 0.615954796362195, 0.615954796362195, 0.615954796362195, 0.615954796362195, 0.615954796362195, 0.615954796362195, 0.615954796362195, 0.615954796362195, 0.615954796362195, 0.615954796362195, 0.615954796362195, 0.615954796362195, 0.615954796362195, 0.615954796362195, 0.615954796362195, 0.615954796362195, 0.615954796362195, 0.615954796362195, 0.615954796362195, 0.615954796362195, 0.615954796362195, 0.615954796362195, 0.615954796362195, 0.615954796362195, 0.615954796362195, 0.615954796362195, 0.615954796362195, 0.615954796362195, 0.615954796362195, 0.615954796362195, 0.615954796362195, 0.615954796362195, 0.615954796362195, 0.615954796362195, 0.615954796362195, 0.615954796362195, 0.615954796362195, 0.615954796362195, 0.615954796362195, 0.615954796362195, 0.615954796362195, 0.615954796362195, 0.615954796362195, 0.615954796362195, 0.615954796362195, 0.615954796362195, 0.615954796362195, 0.615954796362195, 0.615954796362195, 0.615954796362195, 0.615954796362195, 0.615954796362195, 0.615954796362195, 0.615954796362195, 0.615954796362195, 0.615954796362195, 0.615954796362195, 0.615954796362195, 0.615954796362195, 0.615954796362195, 0.615954796362195, 0.615954796362195, 0.615954796362195, 0.615954796362195, 0.615954796362195, 0.615954796362195, 0.615954796362195, 0.615954796362195, 0.615954796362195]",1.0,18,test,,0.0,9
0.8,4,76,20,0,100,8,0,1,0,0,0,1,0,0,1,0,1,0,0,"(array([0.75753897]), array([0.632613]), array([0.35699534]), array([0.235484]))",['DeepSeekQwen (32B)'],"[0.21957328582560462, 0.21957328582560462, 0.21957328582560462, 0.21957328582560462, 0.21957328582560462, 0.21957328582560462, 0.21957328582560462, 0.21957328582560462, 0.615954796362195, 0.21957328582560462, 0.21957328582560462, 0.21957328582560462, 0.21957328582560462, 0.615954796362195, 0.615954796362195, 0.21957328582560462, 0.21957328582560462, 0.21957328582560462, 0.615954796362195, 0.21957328582560462, 0.21957328582560462, 0.21957328582560462, 0.21957328582560462, 0.615954796362195, 0.615954796362195, 0.21957328582560462, 0.21957328582560462, 0.21957328582560462, 0.21957328582560462, 0.615954796362195, 0.615954796362195, 0.21957328582560462, 0.21957328582560462, 0.615954796362195, 0.21957328582560462, 0.21957328582560462, 0.21957328582560462, 0.21957328582560462, 0.21957328582560462, 0.21957328582560462, 0.615954796362195, 0.615954796362195, 0.21957328582560462, 0.21957328582560462, 0.21957328582560462, 0.21957328582560462, 0.615954796362195, 0.21957328582560462, 0.21957328582560462, 0.21957328582560462, 0.21957328582560462, 0.21957328582560462, 0.21957328582560462, 0.21957328582560462, 0.21957328582560462, 0.21957328582560462, 0.21957328582560462, 0.615954796362195, 0.615954796362195, 0.21957328582560462, 0.21957328582560462, 0.21957328582560462, 0.21957328582560462, 0.21957328582560462, 0.21957328582560462, 0.21957328582560462, 0.615954796362195, 0.21957328582560462, 0.21957328582560462, 0.21957328582560462, 0.21957328582560462, 0.21957328582560462, 0.21957328582560462, 0.21957328582560462, 0.615954796362195, 0.615954796362195, 0.615954796362195, 0.615954796362195, 0.21957328582560462, 0.21957328582560462, 0.21957328582560462, 0.615954796362195, 0.615954796362195, 0.21957328582560462, 0.21957328582560462, 0.21957328582560462, 0.615954796362195, 0.21957328582560462, 0.21957328582560462, 0.21957328582560462, 0.21957328582560462, 0.21957328582560462, 0.615954796362195, 0.21957328582560462, 0.21957328582560462, 0.21957328582560462, 0.21957328582560462, 0.615954796362195, 0.21957328582560462, 0.21957328582560462]",0.04,19,test,,0.0,0
0.88,53,35,5,7,100,0,1,1,1,0,0,0,1,0,1,0,1,0,0,"(array([0.75753897]), array([0.632613]), array([0.35699534]), array([0.235484]))",['DeepSeekQwen (32B)'],"[0.615954796362195, 0.21957328582560462, 0.615954796362195, 0.615954796362195, 0.615954796362195, 0.615954796362195, 0.21957328582560462, 0.615954796362195, 0.21957328582560462, 0.21957328582560462, 0.21957328582560462, 0.21957328582560462, 0.615954796362195, 0.615954796362195, 0.615954796362195, 0.21957328582560462, 0.615954796362195, 0.21957328582560462, 0.615954796362195, 0.615954796362195, 0.615954796362195, 0.21957328582560462, 0.21957328582560462, 0.615954796362195, 0.21957328582560462, 0.615954796362195, 0.615954796362195, 0.615954796362195, 0.615954796362195, 0.21957328582560462, 0.615954796362195, 0.21957328582560462, 0.615954796362195, 0.21957328582560462, 0.615954796362195, 0.615954796362195, 0.21957328582560462, 0.615954796362195, 0.615954796362195, 0.21957328582560462, 0.21957328582560462, 0.615954796362195, 0.21957328582560462, 0.615954796362195, 0.21957328582560462, 0.615954796362195, 0.21957328582560462, 0.615954796362195, 0.21957328582560462, 0.615954796362195, 0.21957328582560462, 0.21957328582560462, 0.21957328582560462, 0.615954796362195, 0.615954796362195, 0.615954796362195, 0.615954796362195, 0.21957328582560462, 0.615954796362195, 0.615954796362195, 0.21957328582560462, 0.615954796362195, 0.615954796362195, 0.615954796362195, 0.21957328582560462, 0.615954796362195, 0.21957328582560462, 0.21957328582560462, 0.615954796362195, 0.615954796362195, 0.21957328582560462, 0.615954796362195, 0.615954796362195, 0.615954796362195, 0.21957328582560462, 0.21957328582560462, 0.615954796362195, 0.21957328582560462, 0.615954796362195, 0.615954796362195, 0.615954796362195, 0.615954796362195, 0.21957328582560462, 0.615954796362195, 0.615954796362195, 0.21957328582560462, 0.615954796362195, 0.21957328582560462, 0.21957328582560462, 0.615954796362195, 0.21957328582560462, 0.615954796362195, 0.21957328582560462, 0.21957328582560462, 0.21957328582560462, 0.615954796362195, 0.615954796362195, 0.615954796362195, 0.21957328582560462, 0.615954796362195]",0.6,20,test,,0.0,5
0.84,74,10,11,5,100,0,1,1,1,0,0,0,1,0,1,0,1,0,0,"(array([0.75753897]), array([0.632613]), array([0.35699534]), array([0.235484]))",['DeepSeekQwen (32B)'],"[0.615954796362195, 0.21957328582560462, 0.615954796362195, 0.615954796362195, 0.615954796362195, 0.615954796362195, 0.615954796362195, 0.615954796362195, 0.615954796362195, 0.615954796362195, 0.21957328582560462, 0.21957328582560462, 0.615954796362195, 0.615954796362195, 0.615954796362195, 0.615954796362195, 0.615954796362195, 0.615954796362195, 0.21957328582560462, 0.615954796362195, 0.615954796362195, 0.615954796362195, 0.615954796362195, 0.21957328582560462, 0.615954796362195, 0.615954796362195, 0.615954796362195, 0.615954796362195, 0.615954796362195, 0.615954796362195, 0.615954796362195, 0.21957328582560462, 0.615954796362195, 0.615954796362195, 0.615954796362195, 0.21957328582560462, 0.615954796362195, 0.615954796362195, 0.615954796362195, 0.615954796362195, 0.615954796362195, 0.615954796362195, 0.615954796362195, 0.615954796362195, 0.615954796362195, 0.615954796362195, 0.615954796362195, 0.615954796362195, 0.615954796362195, 0.615954796362195, 0.615954796362195, 0.615954796362195, 0.615954796362195, 0.615954796362195, 0.21957328582560462, 0.21957328582560462, 0.615954796362195, 0.615954796362195, 0.615954796362195, 0.615954796362195, 0.615954796362195, 0.615954796362195, 0.615954796362195, 0.615954796362195, 0.615954796362195, 0.615954796362195, 0.615954796362195, 0.615954796362195, 0.21957328582560462, 0.615954796362195, 0.615954796362195, 0.615954796362195, 0.615954796362195, 0.615954796362195, 0.615954796362195, 0.615954796362195, 0.615954796362195, 0.615954796362195, 0.615954796362195, 0.615954796362195, 0.615954796362195, 0.615954796362195, 0.615954796362195, 0.615954796362195, 0.615954796362195, 0.615954796362195, 0.615954796362195, 0.21957328582560462, 0.615954796362195, 0.615954796362195, 0.21957328582560462, 0.615954796362195, 0.615954796362195, 0.21957328582560462, 0.615954796362195, 0.615954796362195, 0.615954796362195, 0.21957328582560462, 0.21957328582560462, 0.615954796362195]",0.79,21,test,,0.0,7
0.67,13,54,32,1,100,0,0,1,0,0,0,1,1,0,1,0,1,0,0,"(array([0.75753897]), array([0.632613]), array([0.35699534]), array([0.235484]))",['DeepSeekQwen (32B)'],"[0.615954796362195, 0.21957328582560462, 0.21957328582560462, 0.615954796362195, 0.21957328582560462, 0.21957328582560462, 0.615954796362195, 0.21957328582560462, 0.615954796362195, 0.615954796362195, 0.21957328582560462, 0.615954796362195, 0.615954796362195, 0.21957328582560462, 0.615954796362195, 0.615954796362195, 0.21957328582560462, 0.615954796362195, 0.21957328582560462, 0.21957328582560462, 0.615954796362195, 0.21957328582560462, 0.21957328582560462, 0.21957328582560462, 0.615954796362195, 0.21957328582560462, 0.615954796362195, 0.21957328582560462, 0.615954796362195, 0.615954796362195, 0.21957328582560462, 0.615954796362195, 0.21957328582560462, 0.615954796362195, 0.21957328582560462, 0.615954796362195, 0.615954796362195, 0.21957328582560462, 0.615954796362195, 0.21957328582560462, 0.21957328582560462, 0.615954796362195, 0.615954796362195, 0.21957328582560462, 0.21957328582560462, 0.21957328582560462, 0.615954796362195, 0.21957328582560462, 0.21957328582560462, 0.21957328582560462, 0.21957328582560462, 0.21957328582560462, 0.21957328582560462, 0.615954796362195, 0.21957328582560462, 0.615954796362195, 0.21957328582560462, 0.21957328582560462, 0.21957328582560462, 0.21957328582560462, 0.21957328582560462, 0.615954796362195, 0.21957328582560462, 0.21957328582560462, 0.21957328582560462, 0.615954796362195, 0.615954796362195, 0.21957328582560462, 0.21957328582560462, 0.21957328582560462, 0.615954796362195, 0.615954796362195, 0.615954796362195, 0.615954796362195, 0.615954796362195, 0.21957328582560462, 0.615954796362195, 0.21957328582560462, 0.615954796362195, 0.615954796362195, 0.615954796362195, 0.21957328582560462, 0.615954796362195, 0.21957328582560462, 0.615954796362195, 0.615954796362195, 0.21957328582560462, 0.21957328582560462, 0.21957328582560462, 0.615954796362195, 0.615954796362195, 0.21957328582560462, 0.21957328582560462, 0.615954796362195, 0.21957328582560462, 0.21957328582560462, 0.615954796362195, 0.21957328582560462, 0.615954796362195, 0.21957328582560462]",0.14,22,test,,0.0,1
0.96,96,0,4,0,100,0,1,1,1,0,0,0,0,1,1,1,0,0,0,"(array([0.75753897]), array([0.632613]), array([0.35699534]), array([0.235484]))",['DeepSeekQwen (32B)'],"[0.615954796362195, 0.615954796362195, 0.615954796362195, 0.615954796362195, 0.615954796362195, 0.615954796362195, 0.615954796362195, 0.615954796362195, 0.615954796362195, 0.615954796362195, 0.615954796362195, 0.615954796362195, 0.615954796362195, 0.615954796362195, 0.615954796362195, 0.615954796362195, 0.615954796362195, 0.615954796362195, 0.615954796362195, 0.615954796362195, 0.615954796362195, 0.615954796362195, 0.615954796362195, 0.615954796362195, 0.615954796362195, 0.615954796362195, 0.615954796362195, 0.615954796362195, 0.615954796362195, 0.615954796362195, 0.615954796362195, 0.615954796362195, 0.615954796362195, 0.615954796362195, 0.615954796362195, 0.615954796362195, 0.615954796362195, 0.615954796362195, 0.615954796362195, 0.615954796362195, 0.615954796362195, 0.615954796362195, 0.615954796362195, 0.615954796362195, 0.615954796362195, 0.615954796362195, 0.615954796362195, 0.615954796362195, 0.615954796362195, 0.615954796362195, 0.615954796362195, 0.615954796362195, 0.615954796362195, 0.615954796362195, 0.615954796362195, 0.615954796362195, 0.615954796362195, 0.615954796362195, 0.615954796362195, 0.615954796362195, 0.615954796362195, 0.615954796362195, 0.615954796362195, 0.615954796362195, 0.615954796362195, 0.615954796362195, 0.615954796362195, 0.615954796362195, 0.615954796362195, 0.615954796362195, 0.615954796362195, 0.615954796362195, 0.615954796362195, 0.615954796362195, 0.615954796362195, 0.615954796362195, 0.615954796362195, 0.615954796362195, 0.615954796362195, 0.615954796362195, 0.615954796362195, 0.615954796362195, 0.615954796362195, 0.615954796362195, 0.615954796362195, 0.615954796362195, 0.615954796362195, 0.615954796362195, 0.615954796362195, 0.615954796362195, 0.615954796362195, 0.615954796362195, 0.615954796362195, 0.615954796362195, 0.615954796362195, 0.615954796362195, 0.615954796362195, 0.615954796362195, 0.615954796362195, 0.615954796362195]",0.96,23,test,,0.0,9
0.86,42,44,11,3,100,1,1,1,1,0,0,0,0,0,1,0,1,0,0,"(array([0.75753897]), array([0.632613]), array([0.35699534]), array([0.235484]))",['DeepSeekQwen (32B)'],"[0.21957328582560462, 0.615954796362195, 0.615954796362195, 0.615954796362195, 0.21957328582560462, 0.615954796362195, 0.21957328582560462, 0.21957328582560462, 0.21957328582560462, 0.615954796362195, 0.615954796362195, 0.615954796362195, 0.615954796362195, 0.615954796362195, 0.21957328582560462, 0.615954796362195, 0.21957328582560462, 0.21957328582560462, 0.615954796362195, 0.21957328582560462, 0.615954796362195, 0.21957328582560462, 0.21957328582560462, 0.615954796362195, 0.615954796362195, 0.21957328582560462, 0.21957328582560462, 0.21957328582560462, 0.21957328582560462, 0.21957328582560462, 0.615954796362195, 0.21957328582560462, 0.615954796362195, 0.21957328582560462, 0.21957328582560462, 0.21957328582560462, 0.615954796362195, 0.615954796362195, 0.615954796362195, 0.615954796362195, 0.615954796362195, 0.21957328582560462, 0.615954796362195, 0.615954796362195, 0.21957328582560462, 0.615954796362195, 0.615954796362195, 0.21957328582560462, 0.615954796362195, 0.615954796362195, 0.21957328582560462, 0.615954796362195, 0.21957328582560462, 0.21957328582560462, 0.615954796362195, 0.21957328582560462, 0.615954796362195, 0.21957328582560462, 0.21957328582560462, 0.615954796362195, 0.615954796362195, 0.615954796362195, 0.21957328582560462, 0.615954796362195, 0.615954796362195, 0.615954796362195, 0.21957328582560462, 0.21957328582560462, 0.615954796362195, 0.615954796362195, 0.615954796362195, 0.615954796362195, 0.21957328582560462, 0.21957328582560462, 0.615954796362195, 0.615954796362195, 0.615954796362195, 0.21957328582560462, 0.21957328582560462, 0.21957328582560462, 0.615954796362195, 0.21957328582560462, 0.615954796362195, 0.21957328582560462, 0.615954796362195, 0.615954796362195, 0.615954796362195, 0.21957328582560462, 0.21957328582560462, 0.615954796362195, 0.615954796362195, 0.21957328582560462, 0.615954796362195, 0.21957328582560462, 0.21957328582560462, 0.21957328582560462, 0.21957328582560462, 0.21957328582560462, 0.615954796362195, 0.615954796362195]",0.45,24,test,,0.0,4
0.7,0,70,30,0,100,2,0,0,0,0,1,0,0,0,1,0,1,0,0,"(array([0.75753897]), array([0.632613]), array([0.35699534]), array([0.235484]))",['DeepSeekQwen (32B)'],"[0.21957328582560462, 0.21957328582560462, 0.615954796362195, 0.21957328582560462, 0.21957328582560462, 0.21957328582560462, 0.21957328582560462, 0.615954796362195, 0.21957328582560462, 0.21957328582560462, 0.21957328582560462, 0.21957328582560462, 0.21957328582560462, 0.615954796362195, 0.615954796362195, 0.615954796362195, 0.21957328582560462, 0.21957328582560462, 0.615954796362195, 0.21957328582560462, 0.21957328582560462, 0.21957328582560462, 0.21957328582560462, 0.21957328582560462, 0.21957328582560462, 0.21957328582560462, 0.21957328582560462, 0.615954796362195, 0.615954796362195, 0.21957328582560462, 0.21957328582560462, 0.21957328582560462, 0.615954796362195, 0.615954796362195, 0.615954796362195, 0.615954796362195, 0.21957328582560462, 0.21957328582560462, 0.21957328582560462, 0.21957328582560462, 0.615954796362195, 0.21957328582560462, 0.21957328582560462, 0.21957328582560462, 0.21957328582560462, 0.615954796362195, 0.21957328582560462, 0.21957328582560462, 0.21957328582560462, 0.615954796362195, 0.615954796362195, 0.615954796362195, 0.21957328582560462, 0.21957328582560462, 0.21957328582560462, 0.615954796362195, 0.21957328582560462, 0.615954796362195, 0.615954796362195, 0.615954796362195, 0.21957328582560462, 0.615954796362195, 0.21957328582560462, 0.21957328582560462, 0.21957328582560462, 0.21957328582560462, 0.21957328582560462, 0.21957328582560462, 0.21957328582560462, 0.21957328582560462, 0.21957328582560462, 0.21957328582560462, 0.615954796362195, 0.21957328582560462, 0.21957328582560462, 0.21957328582560462, 0.21957328582560462, 0.21957328582560462, 0.21957328582560462, 0.21957328582560462, 0.615954796362195, 0.21957328582560462, 0.21957328582560462, 0.21957328582560462, 0.21957328582560462, 0.21957328582560462, 0.615954796362195, 0.21957328582560462, 0.615954796362195, 0.21957328582560462, 0.615954796362195, 0.21957328582560462, 0.615954796362195, 0.21957328582560462, 0.21957328582560462, 0.615954796362195, 0.21957328582560462, 0.21957328582560462, 0.615954796362195, 0.21957328582560462]",0.0,25,test,,0.0,0
0.68,3,65,32,0,100,2,0,1,0,0,0,1,0,0,1,0,1,0,0,"(array([0.75753897]), array([0.632613]), array([0.35699534]), array([0.235484]))",['DeepSeekQwen (32B)'],"[0.21957328582560462, 0.21957328582560462, 0.615954796362195, 0.21957328582560462, 0.615954796362195, 0.21957328582560462, 0.21957328582560462, 0.615954796362195, 0.21957328582560462, 0.615954796362195, 0.21957328582560462, 0.21957328582560462, 0.21957328582560462, 0.21957328582560462, 0.615954796362195, 0.615954796362195, 0.21957328582560462, 0.21957328582560462, 0.615954796362195, 0.21957328582560462, 0.615954796362195, 0.615954796362195, 0.21957328582560462, 0.21957328582560462, 0.615954796362195, 0.615954796362195, 0.615954796362195, 0.21957328582560462, 0.21957328582560462, 0.21957328582560462, 0.21957328582560462, 0.21957328582560462, 0.21957328582560462, 0.21957328582560462, 0.21957328582560462, 0.21957328582560462, 0.21957328582560462, 0.615954796362195, 0.21957328582560462, 0.615954796362195, 0.21957328582560462, 0.21957328582560462, 0.615954796362195, 0.615954796362195, 0.615954796362195, 0.21957328582560462, 0.21957328582560462, 0.21957328582560462, 0.21957328582560462, 0.615954796362195, 0.21957328582560462, 0.615954796362195, 0.615954796362195, 0.21957328582560462, 0.21957328582560462, 0.615954796362195, 0.615954796362195, 0.21957328582560462, 0.21957328582560462, 0.615954796362195, 0.21957328582560462, 0.615954796362195, 0.21957328582560462, 0.615954796362195, 0.21957328582560462, 0.21957328582560462, 0.21957328582560462, 0.21957328582560462, 0.21957328582560462, 0.615954796362195, 0.21957328582560462, 0.21957328582560462, 0.21957328582560462, 0.615954796362195, 0.21957328582560462, 0.615954796362195, 0.615954796362195, 0.21957328582560462, 0.21957328582560462, 0.21957328582560462, 0.21957328582560462, 0.21957328582560462, 0.615954796362195, 0.21957328582560462, 0.21957328582560462, 0.21957328582560462, 0.21957328582560462, 0.21957328582560462, 0.21957328582560462, 0.615954796362195, 0.21957328582560462, 0.615954796362195, 0.21957328582560462, 0.21957328582560462, 0.615954796362195, 0.21957328582560462, 0.615954796362195, 0.21957328582560462, 0.615954796362195, 0.21957328582560462]",0.03,26,test,,0.0,0
0.56,0,56,44,0,100,4,0,0,0,0,1,0,0,0,1,0,1,0,0,"(array([0.75753897]), array([0.632613]), array([0.35699534]), array([0.235484]))",['DeepSeekQwen (32B)'],"[0.21957328582560462, 0.21957328582560462, 0.21957328582560462, 0.21957328582560462, 0.615954796362195, 0.21957328582560462, 0.21957328582560462, 0.21957328582560462, 0.615954796362195, 0.21957328582560462, 0.21957328582560462, 0.615954796362195, 0.21957328582560462, 0.21957328582560462, 0.615954796362195, 0.615954796362195, 0.21957328582560462, 0.615954796362195, 0.615954796362195, 0.21957328582560462, 0.615954796362195, 0.615954796362195, 0.21957328582560462, 0.615954796362195, 0.21957328582560462, 0.21957328582560462, 0.21957328582560462, 0.615954796362195, 0.615954796362195, 0.615954796362195, 0.21957328582560462, 0.21957328582560462, 0.21957328582560462, 0.615954796362195, 0.21957328582560462, 0.21957328582560462, 0.615954796362195, 0.21957328582560462, 0.21957328582560462, 0.615954796362195, 0.615954796362195, 0.21957328582560462, 0.21957328582560462, 0.615954796362195, 0.615954796362195, 0.21957328582560462, 0.21957328582560462, 0.615954796362195, 0.615954796362195, 0.21957328582560462, 0.21957328582560462, 0.615954796362195, 0.21957328582560462, 0.615954796362195, 0.615954796362195, 0.21957328582560462, 0.21957328582560462, 0.21957328582560462, 0.21957328582560462, 0.615954796362195, 0.615954796362195, 0.21957328582560462, 0.615954796362195, 0.615954796362195, 0.21957328582560462, 0.615954796362195, 0.615954796362195, 0.615954796362195, 0.21957328582560462, 0.615954796362195, 0.615954796362195, 0.21957328582560462, 0.21957328582560462, 0.21957328582560462, 0.615954796362195, 0.21957328582560462, 0.615954796362195, 0.615954796362195, 0.21957328582560462, 0.615954796362195, 0.21957328582560462, 0.21957328582560462, 0.21957328582560462, 0.21957328582560462, 0.21957328582560462, 0.615954796362195, 0.21957328582560462, 0.21957328582560462, 0.21957328582560462, 0.615954796362195, 0.615954796362195, 0.21957328582560462, 0.615954796362195, 0.615954796362195, 0.615954796362195, 0.21957328582560462, 0.21957328582560462, 0.615954796362195, 0.21957328582560462, 0.21957328582560462]",0.0,27,test,,0.0,0
0.86,55,31,3,11,100,1,1,1,1,0,0,0,0,0,1,0,1,0,0,"(array([0.75753897]), array([0.632613]), array([0.35699534]), array([0.235484]))",['DeepSeekQwen (32B)'],"[0.21957328582560462, 0.615954796362195, 0.21957328582560462, 0.615954796362195, 0.615954796362195, 0.615954796362195, 0.21957328582560462, 0.615954796362195, 0.615954796362195, 0.21957328582560462, 0.615954796362195, 0.21957328582560462, 0.21957328582560462, 0.615954796362195, 0.615954796362195, 0.21957328582560462, 0.615954796362195, 0.615954796362195, 0.21957328582560462, 0.21957328582560462, 0.21957328582560462, 0.21957328582560462, 0.21957328582560462, 0.615954796362195, 0.615954796362195, 0.615954796362195, 0.615954796362195, 0.615954796362195, 0.615954796362195, 0.615954796362195, 0.21957328582560462, 0.615954796362195, 0.615954796362195, 0.615954796362195, 0.21957328582560462, 0.21957328582560462, 0.21957328582560462, 0.21957328582560462, 0.615954796362195, 0.21957328582560462, 0.615954796362195, 0.21957328582560462, 0.21957328582560462, 0.615954796362195, 0.615954796362195, 0.21957328582560462, 0.615954796362195, 0.615954796362195, 0.615954796362195, 0.21957328582560462, 0.21957328582560462, 0.615954796362195, 0.615954796362195, 0.615954796362195, 0.615954796362195, 0.615954796362195, 0.21957328582560462, 0.21957328582560462, 0.615954796362195, 0.615954796362195, 0.615954796362195, 0.21957328582560462, 0.21957328582560462, 0.615954796362195, 0.615954796362195, 0.615954796362195, 0.615954796362195, 0.615954796362195, 0.615954796362195, 0.21957328582560462, 0.21957328582560462, 0.21957328582560462, 0.21957328582560462, 0.615954796362195, 0.21957328582560462, 0.615954796362195, 0.21957328582560462, 0.615954796362195, 0.615954796362195, 0.615954796362195, 0.21957328582560462, 0.21957328582560462, 0.21957328582560462, 0.21957328582560462, 0.21957328582560462, 0.21957328582560462, 0.615954796362195, 0.21957328582560462, 0.615954796362195, 0.615954796362195, 0.615954796362195, 0.615954796362195, 0.615954796362195, 0.615954796362195, 0.615954796362195, 0.21957328582560462, 0.21957328582560462, 0.615954796362195, 0.615954796362195, 0.615954796362195]",0.66,28,test,,0.0,6
0.87,71,16,8,5,100,0,0,1,0,0,0,1,1,0,1,0,1,0,0,"(array([0.75753897]), array([0.632613]), array([0.35699534]), array([0.235484]))",['DeepSeekQwen (32B)'],"[0.615954796362195, 0.21957328582560462, 0.615954796362195, 0.615954796362195, 0.615954796362195, 0.615954796362195, 0.615954796362195, 0.615954796362195, 0.615954796362195, 0.21957328582560462, 0.615954796362195, 0.21957328582560462, 0.615954796362195, 0.615954796362195, 0.21957328582560462, 0.615954796362195, 0.615954796362195, 0.21957328582560462, 0.615954796362195, 0.615954796362195, 0.615954796362195, 0.615954796362195, 0.615954796362195, 0.615954796362195, 0.615954796362195, 0.615954796362195, 0.615954796362195, 0.615954796362195, 0.615954796362195, 0.615954796362195, 0.21957328582560462, 0.615954796362195, 0.615954796362195, 0.615954796362195, 0.615954796362195, 0.21957328582560462, 0.615954796362195, 0.21957328582560462, 0.615954796362195, 0.615954796362195, 0.615954796362195, 0.615954796362195, 0.615954796362195, 0.21957328582560462, 0.21957328582560462, 0.21957328582560462, 0.615954796362195, 0.615954796362195, 0.615954796362195, 0.615954796362195, 0.615954796362195, 0.615954796362195, 0.615954796362195, 0.615954796362195, 0.615954796362195, 0.21957328582560462, 0.615954796362195, 0.615954796362195, 0.21957328582560462, 0.615954796362195, 0.615954796362195, 0.615954796362195, 0.615954796362195, 0.615954796362195, 0.21957328582560462, 0.615954796362195, 0.615954796362195, 0.615954796362195, 0.615954796362195, 0.615954796362195, 0.615954796362195, 0.615954796362195, 0.21957328582560462, 0.21957328582560462, 0.21957328582560462, 0.615954796362195, 0.615954796362195, 0.615954796362195, 0.615954796362195, 0.21957328582560462, 0.615954796362195, 0.615954796362195, 0.615954796362195, 0.615954796362195, 0.615954796362195, 0.21957328582560462, 0.615954796362195, 0.615954796362195, 0.615954796362195, 0.21957328582560462, 0.615954796362195, 0.21957328582560462, 0.615954796362195, 0.615954796362195, 0.615954796362195, 0.615954796362195, 0.615954796362195, 0.615954796362195, 0.615954796362195, 0.615954796362195]",0.76,29,test,,0.0,7
0.76,0,76,24,0,100,1,0,0,0,0,1,0,0,0,1,0,1,0,0,"(array([0.75753897]), array([0.632613]), array([0.35699534]), array([0.235484]))",['DeepSeekQwen (32B)'],"[0.21957328582560462, 0.615954796362195, 0.21957328582560462, 0.21957328582560462, 0.21957328582560462, 0.21957328582560462, 0.615954796362195, 0.21957328582560462, 0.21957328582560462, 0.21957328582560462, 0.21957328582560462, 0.615954796362195, 0.21957328582560462, 0.21957328582560462, 0.615954796362195, 0.21957328582560462, 0.21957328582560462, 0.21957328582560462, 0.21957328582560462, 0.21957328582560462, 0.21957328582560462, 0.21957328582560462, 0.21957328582560462, 0.21957328582560462, 0.615954796362195, 0.21957328582560462, 0.615954796362195, 0.21957328582560462, 0.21957328582560462, 0.21957328582560462, 0.615954796362195, 0.21957328582560462, 0.21957328582560462, 0.21957328582560462, 0.615954796362195, 0.21957328582560462, 0.21957328582560462, 0.21957328582560462, 0.21957328582560462, 0.21957328582560462, 0.21957328582560462, 0.21957328582560462, 0.21957328582560462, 0.21957328582560462, 0.21957328582560462, 0.21957328582560462, 0.21957328582560462, 0.615954796362195, 0.21957328582560462, 0.21957328582560462, 0.21957328582560462, 0.21957328582560462, 0.21957328582560462, 0.615954796362195, 0.21957328582560462, 0.21957328582560462, 0.21957328582560462, 0.21957328582560462, 0.21957328582560462, 0.615954796362195, 0.615954796362195, 0.615954796362195, 0.21957328582560462, 0.21957328582560462, 0.615954796362195, 0.21957328582560462, 0.615954796362195, 0.21957328582560462, 0.21957328582560462, 0.21957328582560462, 0.21957328582560462, 0.615954796362195, 0.615954796362195, 0.21957328582560462, 0.21957328582560462, 0.21957328582560462, 0.21957328582560462, 0.21957328582560462, 0.615954796362195, 0.21957328582560462, 0.21957328582560462, 0.21957328582560462, 0.21957328582560462, 0.21957328582560462, 0.615954796362195, 0.21957328582560462, 0.21957328582560462, 0.615954796362195, 0.615954796362195, 0.21957328582560462, 0.615954796362195, 0.615954796362195, 0.21957328582560462, 0.21957328582560462, 0.21957328582560462, 0.21957328582560462, 0.21957328582560462, 0.21957328582560462, 0.615954796362195, 0.21957328582560462]",0.0,30,test,,0.0,0
1.0,100,0,0,0,100,0,1,1,1,0,0,0,0,1,1,1,0,0,0,"(array([0.75753897]), array([0.632613]), array([0.35699534]), array([0.235484]))",['DeepSeekQwen (32B)'],"[0.615954796362195, 0.615954796362195, 0.615954796362195, 0.615954796362195, 0.615954796362195, 0.615954796362195, 0.615954796362195, 0.615954796362195, 0.615954796362195, 0.615954796362195, 0.615954796362195, 0.615954796362195, 0.615954796362195, 0.615954796362195, 0.615954796362195, 0.615954796362195, 0.615954796362195, 0.615954796362195, 0.615954796362195, 0.615954796362195, 0.615954796362195, 0.615954796362195, 0.615954796362195, 0.615954796362195, 0.615954796362195, 0.615954796362195, 0.615954796362195, 0.615954796362195, 0.615954796362195, 0.615954796362195, 0.615954796362195, 0.615954796362195, 0.615954796362195, 0.615954796362195, 0.615954796362195, 0.615954796362195, 0.615954796362195, 0.615954796362195, 0.615954796362195, 0.615954796362195, 0.615954796362195, 0.615954796362195, 0.615954796362195, 0.615954796362195, 0.615954796362195, 0.615954796362195, 0.615954796362195, 0.615954796362195, 0.615954796362195, 0.615954796362195, 0.615954796362195, 0.615954796362195, 0.615954796362195, 0.615954796362195, 0.615954796362195, 0.615954796362195, 0.615954796362195, 0.615954796362195, 0.615954796362195, 0.615954796362195, 0.615954796362195, 0.615954796362195, 0.615954796362195, 0.615954796362195, 0.615954796362195, 0.615954796362195, 0.615954796362195, 0.615954796362195, 0.615954796362195, 0.615954796362195, 0.615954796362195, 0.615954796362195, 0.615954796362195, 0.615954796362195, 0.615954796362195, 0.615954796362195, 0.615954796362195, 0.615954796362195, 0.615954796362195, 0.615954796362195, 0.615954796362195, 0.615954796362195, 0.615954796362195, 0.615954796362195, 0.615954796362195, 0.615954796362195, 0.615954796362195, 0.615954796362195, 0.615954796362195, 0.615954796362195, 0.615954796362195, 0.615954796362195, 0.615954796362195, 0.615954796362195, 0.615954796362195, 0.615954796362195, 0.615954796362195, 0.615954796362195, 0.615954796362195, 0.615954796362195]",1.0,31,test,,0.0,9
0.88,83,5,2,10,100,0,1,1,1,0,0,0,11,0,0,0,0,0,1,"(array([0.75753897]), array([0.632613]), array([0.35699534]), array([0.235484]))",['DeepSeekQwen (32B)'],"[0.615954796362195, 0.615954796362195, 0.615954796362195, 0.615954796362195, 0.615954796362195, 0.615954796362195, 0.615954796362195, 0.615954796362195, 0.615954796362195, 0.615954796362195, 0.615954796362195, 0.21957328582560462, 0.615954796362195, 0.615954796362195, 0.615954796362195, 0.615954796362195, 0.615954796362195, 0.615954796362195, 0.615954796362195, 0.615954796362195, 0.615954796362195, 0.21957328582560462, 0.615954796362195, 0.615954796362195, 0.615954796362195, 0.615954796362195, 0.615954796362195, 0.615954796362195, 0.21957328582560462, 0.615954796362195, 0.615954796362195, 0.615954796362195, 0.615954796362195, 0.615954796362195, 0.615954796362195, 0.615954796362195, 0.615954796362195, 0.615954796362195, 0.615954796362195, 0.615954796362195, 0.615954796362195, 0.615954796362195, 0.615954796362195, 0.615954796362195, 0.615954796362195, 0.615954796362195, 0.615954796362195, 0.615954796362195, 0.615954796362195, 0.615954796362195, 0.21957328582560462, 0.615954796362195, 0.615954796362195, 0.615954796362195, 0.615954796362195, 0.615954796362195, 0.615954796362195, 0.21957328582560462, 0.615954796362195, 0.615954796362195, 0.615954796362195, 0.615954796362195, 0.615954796362195, 0.615954796362195, 0.21957328582560462, 0.615954796362195, 0.21957328582560462, 0.21957328582560462, 0.615954796362195, 0.21957328582560462, 0.615954796362195, 0.21957328582560462, 0.615954796362195, 0.615954796362195, 0.21957328582560462, 0.21957328582560462, 0.21957328582560462, 0.615954796362195, 0.615954796362195, 0.21957328582560462, 0.615954796362195, 0.615954796362195, 0.615954796362195, 0.615954796362195, 0.615954796362195, 0.615954796362195, 0.615954796362195, 0.615954796362195, 0.615954796362195, 0.615954796362195, 0.21957328582560462, 0.615954796362195, 0.615954796362195, 0.615954796362195, 0.615954796362195, 0.615954796362195, 0.615954796362195, 0.615954796362195, 0.615954796362195, 0.615954796362195]",0.93,32,test,,0.0,9
0.64,46,18,36,0,100,0,0,1,0,0,0,1,9,0,1,0,1,0,0,"(array([0.75753897]), array([0.632613]), array([0.35699534]), array([0.235484]))",['DeepSeekQwen (32B)'],"[0.615954796362195, 0.615954796362195, 0.615954796362195, 0.615954796362195, 0.615954796362195, 0.615954796362195, 0.615954796362195, 0.615954796362195, 0.615954796362195, 0.21957328582560462, 0.615954796362195, 0.615954796362195, 0.615954796362195, 0.615954796362195, 0.21957328582560462, 0.615954796362195, 0.615954796362195, 0.615954796362195, 0.615954796362195, 0.615954796362195, 0.615954796362195, 0.615954796362195, 0.615954796362195, 0.21957328582560462, 0.615954796362195, 0.615954796362195, 0.615954796362195, 0.615954796362195, 0.615954796362195, 0.21957328582560462, 0.615954796362195, 0.615954796362195, 0.21957328582560462, 0.615954796362195, 0.21957328582560462, 0.615954796362195, 0.21957328582560462, 0.615954796362195, 0.615954796362195, 0.615954796362195, 0.615954796362195, 0.21957328582560462, 0.615954796362195, 0.615954796362195, 0.21957328582560462, 0.615954796362195, 0.615954796362195, 0.21957328582560462, 0.615954796362195, 0.615954796362195, 0.615954796362195, 0.615954796362195, 0.615954796362195, 0.21957328582560462, 0.615954796362195, 0.615954796362195, 0.615954796362195, 0.615954796362195, 0.615954796362195, 0.615954796362195, 0.615954796362195, 0.615954796362195, 0.615954796362195, 0.615954796362195, 0.615954796362195, 0.615954796362195, 0.615954796362195, 0.615954796362195, 0.615954796362195, 0.21957328582560462, 0.615954796362195, 0.21957328582560462, 0.615954796362195, 0.615954796362195, 0.615954796362195, 0.615954796362195, 0.21957328582560462, 0.615954796362195, 0.615954796362195, 0.615954796362195, 0.615954796362195, 0.21957328582560462, 0.615954796362195, 0.615954796362195, 0.21957328582560462, 0.21957328582560462, 0.615954796362195, 0.615954796362195, 0.615954796362195, 0.615954796362195, 0.615954796362195, 0.615954796362195, 0.615954796362195, 0.615954796362195, 0.615954796362195, 0.615954796362195, 0.615954796362195, 0.21957328582560462, 0.615954796362195, 0.615954796362195]",0.46,33,test,,0.0,4
0.74,44,30,14,12,100,2,1,1,1,0,0,0,0,0,1,0,1,0,0,"(array([0.75753897]), array([0.632613]), array([0.35699534]), array([0.235484]))",['DeepSeekQwen (32B)'],"[0.21957328582560462, 0.21957328582560462, 0.615954796362195, 0.21957328582560462, 0.615954796362195, 0.21957328582560462, 0.21957328582560462, 0.615954796362195, 0.615954796362195, 0.21957328582560462, 0.615954796362195, 0.21957328582560462, 0.615954796362195, 0.615954796362195, 0.21957328582560462, 0.615954796362195, 0.615954796362195, 0.21957328582560462, 0.615954796362195, 0.21957328582560462, 0.21957328582560462, 0.615954796362195, 0.615954796362195, 0.21957328582560462, 0.615954796362195, 0.615954796362195, 0.21957328582560462, 0.21957328582560462, 0.615954796362195, 0.21957328582560462, 0.21957328582560462, 0.21957328582560462, 0.615954796362195, 0.21957328582560462, 0.615954796362195, 0.21957328582560462, 0.615954796362195, 0.21957328582560462, 0.615954796362195, 0.21957328582560462, 0.21957328582560462, 0.21957328582560462, 0.615954796362195, 0.615954796362195, 0.21957328582560462, 0.615954796362195, 0.21957328582560462, 0.21957328582560462, 0.615954796362195, 0.615954796362195, 0.21957328582560462, 0.21957328582560462, 0.21957328582560462, 0.615954796362195, 0.615954796362195, 0.21957328582560462, 0.21957328582560462, 0.21957328582560462, 0.615954796362195, 0.615954796362195, 0.615954796362195, 0.615954796362195, 0.21957328582560462, 0.615954796362195, 0.21957328582560462, 0.615954796362195, 0.21957328582560462, 0.615954796362195, 0.615954796362195, 0.21957328582560462, 0.21957328582560462, 0.615954796362195, 0.615954796362195, 0.615954796362195, 0.615954796362195, 0.615954796362195, 0.21957328582560462, 0.615954796362195, 0.615954796362195, 0.21957328582560462, 0.615954796362195, 0.615954796362195, 0.615954796362195, 0.615954796362195, 0.615954796362195, 0.21957328582560462, 0.615954796362195, 0.615954796362195, 0.615954796362195, 0.615954796362195, 0.615954796362195, 0.615954796362195, 0.21957328582560462, 0.615954796362195, 0.615954796362195, 0.615954796362195, 0.615954796362195, 0.21957328582560462, 0.615954796362195, 0.615954796362195]",0.56,34,test,,0.0,5
0.95,95,0,5,0,100,0,1,1,1,0,0,0,0,1,1,1,0,0,0,"(array([0.75753897]), array([0.632613]), array([0.35699534]), array([0.235484]))",['DeepSeekQwen (32B)'],"[0.615954796362195, 0.615954796362195, 0.615954796362195, 0.615954796362195, 0.615954796362195, 0.615954796362195, 0.615954796362195, 0.615954796362195, 0.615954796362195, 0.615954796362195, 0.615954796362195, 0.615954796362195, 0.615954796362195, 0.615954796362195, 0.615954796362195, 0.615954796362195, 0.615954796362195, 0.615954796362195, 0.615954796362195, 0.615954796362195, 0.615954796362195, 0.615954796362195, 0.615954796362195, 0.615954796362195, 0.615954796362195, 0.615954796362195, 0.615954796362195, 0.615954796362195, 0.615954796362195, 0.615954796362195, 0.615954796362195, 0.615954796362195, 0.615954796362195, 0.615954796362195, 0.615954796362195, 0.615954796362195, 0.615954796362195, 0.615954796362195, 0.615954796362195, 0.615954796362195, 0.615954796362195, 0.615954796362195, 0.615954796362195, 0.615954796362195, 0.615954796362195, 0.615954796362195, 0.615954796362195, 0.615954796362195, 0.615954796362195, 0.615954796362195, 0.615954796362195, 0.615954796362195, 0.615954796362195, 0.615954796362195, 0.615954796362195, 0.615954796362195, 0.615954796362195, 0.615954796362195, 0.615954796362195, 0.615954796362195, 0.615954796362195, 0.615954796362195, 0.615954796362195, 0.615954796362195, 0.615954796362195, 0.615954796362195, 0.615954796362195, 0.615954796362195, 0.615954796362195, 0.615954796362195, 0.615954796362195, 0.615954796362195, 0.615954796362195, 0.615954796362195, 0.615954796362195, 0.615954796362195, 0.615954796362195, 0.615954796362195, 0.615954796362195, 0.615954796362195, 0.615954796362195, 0.615954796362195, 0.615954796362195, 0.615954796362195, 0.615954796362195, 0.615954796362195, 0.615954796362195, 0.615954796362195, 0.615954796362195, 0.615954796362195, 0.615954796362195, 0.615954796362195, 0.615954796362195, 0.615954796362195, 0.615954796362195, 0.615954796362195, 0.615954796362195, 0.615954796362195, 0.615954796362195, 0.615954796362195]",0.95,35,test,,0.0,9
0.99,98,1,0,1,100,0,1,1,1,0,0,0,47,0,1,0,1,0,0,"(array([0.75753897]), array([0.632613]), array([0.35699534]), array([0.235484]))",['DeepSeekQwen (32B)'],"[0.615954796362195, 0.615954796362195, 0.615954796362195, 0.615954796362195, 0.615954796362195, 0.615954796362195, 0.615954796362195, 0.615954796362195, 0.615954796362195, 0.615954796362195, 0.615954796362195, 0.615954796362195, 0.615954796362195, 0.615954796362195, 0.615954796362195, 0.615954796362195, 0.615954796362195, 0.615954796362195, 0.615954796362195, 0.615954796362195, 0.615954796362195, 0.615954796362195, 0.615954796362195, 0.615954796362195, 0.615954796362195, 0.615954796362195, 0.615954796362195, 0.615954796362195, 0.615954796362195, 0.615954796362195, 0.615954796362195, 0.615954796362195, 0.615954796362195, 0.615954796362195, 0.615954796362195, 0.615954796362195, 0.615954796362195, 0.615954796362195, 0.615954796362195, 0.615954796362195, 0.615954796362195, 0.615954796362195, 0.615954796362195, 0.615954796362195, 0.615954796362195, 0.615954796362195, 0.615954796362195, 0.21957328582560462, 0.615954796362195, 0.615954796362195, 0.615954796362195, 0.615954796362195, 0.615954796362195, 0.615954796362195, 0.615954796362195, 0.615954796362195, 0.615954796362195, 0.615954796362195, 0.615954796362195, 0.615954796362195, 0.615954796362195, 0.615954796362195, 0.615954796362195, 0.21957328582560462, 0.615954796362195, 0.615954796362195, 0.615954796362195, 0.615954796362195, 0.615954796362195, 0.615954796362195, 0.615954796362195, 0.615954796362195, 0.615954796362195, 0.615954796362195, 0.615954796362195, 0.615954796362195, 0.615954796362195, 0.615954796362195, 0.615954796362195, 0.615954796362195, 0.615954796362195, 0.615954796362195, 0.615954796362195, 0.615954796362195, 0.615954796362195, 0.615954796362195, 0.615954796362195, 0.615954796362195, 0.615954796362195, 0.615954796362195, 0.615954796362195, 0.615954796362195, 0.615954796362195, 0.615954796362195, 0.615954796362195, 0.615954796362195, 0.615954796362195, 0.615954796362195, 0.615954796362195, 0.615954796362195]",0.99,36,test,,0.0,9
0.8,0,80,20,0,100,2,0,0,0,0,1,0,0,0,1,0,1,0,0,"(array([0.75753897]), array([0.632613]), array([0.35699534]), array([0.235484]))",['DeepSeekQwen (32B)'],"[0.21957328582560462, 0.21957328582560462, 0.615954796362195, 0.21957328582560462, 0.21957328582560462, 0.21957328582560462, 0.21957328582560462, 0.21957328582560462, 0.21957328582560462, 0.21957328582560462, 0.615954796362195, 0.21957328582560462, 0.21957328582560462, 0.21957328582560462, 0.615954796362195, 0.21957328582560462, 0.21957328582560462, 0.21957328582560462, 0.615954796362195, 0.21957328582560462, 0.615954796362195, 0.21957328582560462, 0.21957328582560462, 0.21957328582560462, 0.21957328582560462, 0.21957328582560462, 0.21957328582560462, 0.21957328582560462, 0.21957328582560462, 0.21957328582560462, 0.21957328582560462, 0.21957328582560462, 0.21957328582560462, 0.21957328582560462, 0.21957328582560462, 0.21957328582560462, 0.21957328582560462, 0.615954796362195, 0.21957328582560462, 0.21957328582560462, 0.21957328582560462, 0.21957328582560462, 0.21957328582560462, 0.21957328582560462, 0.21957328582560462, 0.615954796362195, 0.615954796362195, 0.21957328582560462, 0.615954796362195, 0.615954796362195, 0.615954796362195, 0.21957328582560462, 0.21957328582560462, 0.21957328582560462, 0.21957328582560462, 0.615954796362195, 0.21957328582560462, 0.21957328582560462, 0.615954796362195, 0.21957328582560462, 0.21957328582560462, 0.21957328582560462, 0.21957328582560462, 0.21957328582560462, 0.21957328582560462, 0.21957328582560462, 0.21957328582560462, 0.615954796362195, 0.21957328582560462, 0.21957328582560462, 0.21957328582560462, 0.615954796362195, 0.21957328582560462, 0.21957328582560462, 0.21957328582560462, 0.615954796362195, 0.21957328582560462, 0.21957328582560462, 0.21957328582560462, 0.21957328582560462, 0.21957328582560462, 0.615954796362195, 0.21957328582560462, 0.21957328582560462, 0.21957328582560462, 0.615954796362195, 0.21957328582560462, 0.21957328582560462, 0.21957328582560462, 0.21957328582560462, 0.21957328582560462, 0.21957328582560462, 0.615954796362195, 0.21957328582560462, 0.21957328582560462, 0.21957328582560462, 0.21957328582560462, 0.21957328582560462, 0.21957328582560462, 0.615954796362195]",0.0,37,test,,0.0,0
0.83,41,42,10,7,100,0,1,1,1,0,0,0,1,0,1,0,1,0,0,"(array([0.75753897]), array([0.632613]), array([0.35699534]), array([0.235484]))",['DeepSeekQwen (32B)'],"[0.615954796362195, 0.21957328582560462, 0.615954796362195, 0.615954796362195, 0.21957328582560462, 0.615954796362195, 0.21957328582560462, 0.21957328582560462, 0.615954796362195, 0.615954796362195, 0.615954796362195, 0.21957328582560462, 0.21957328582560462, 0.615954796362195, 0.21957328582560462, 0.615954796362195, 0.21957328582560462, 0.21957328582560462, 0.21957328582560462, 0.615954796362195, 0.21957328582560462, 0.615954796362195, 0.615954796362195, 0.21957328582560462, 0.21957328582560462, 0.615954796362195, 0.21957328582560462, 0.615954796362195, 0.21957328582560462, 0.615954796362195, 0.615954796362195, 0.21957328582560462, 0.615954796362195, 0.21957328582560462, 0.21957328582560462, 0.21957328582560462, 0.615954796362195, 0.615954796362195, 0.21957328582560462, 0.21957328582560462, 0.21957328582560462, 0.615954796362195, 0.21957328582560462, 0.21957328582560462, 0.615954796362195, 0.21957328582560462, 0.615954796362195, 0.615954796362195, 0.21957328582560462, 0.21957328582560462, 0.21957328582560462, 0.615954796362195, 0.21957328582560462, 0.615954796362195, 0.21957328582560462, 0.615954796362195, 0.615954796362195, 0.21957328582560462, 0.615954796362195, 0.21957328582560462, 0.615954796362195, 0.615954796362195, 0.21957328582560462, 0.615954796362195, 0.615954796362195, 0.615954796362195, 0.21957328582560462, 0.21957328582560462, 0.21957328582560462, 0.615954796362195, 0.615954796362195, 0.615954796362195, 0.21957328582560462, 0.615954796362195, 0.615954796362195, 0.21957328582560462, 0.615954796362195, 0.21957328582560462, 0.615954796362195, 0.21957328582560462, 0.615954796362195, 0.615954796362195, 0.21957328582560462, 0.615954796362195, 0.615954796362195, 0.21957328582560462, 0.615954796362195, 0.21957328582560462, 0.615954796362195, 0.615954796362195, 0.615954796362195, 0.21957328582560462, 0.615954796362195, 0.21957328582560462, 0.21957328582560462, 0.21957328582560462, 0.615954796362195, 0.21957328582560462, 0.21957328582560462, 0.615954796362195]",0.48,38,test,,0.0,4
0.82,62,20,14,4,100,0,0,1,0,0,0,1,1,0,1,0,1,0,0,"(array([0.75753897]), array([0.632613]), array([0.35699534]), array([0.235484]))",['DeepSeekQwen (32B)'],"[0.615954796362195, 0.21957328582560462, 0.615954796362195, 0.21957328582560462, 0.615954796362195, 0.615954796362195, 0.615954796362195, 0.615954796362195, 0.615954796362195, 0.615954796362195, 0.615954796362195, 0.615954796362195, 0.615954796362195, 0.615954796362195, 0.21957328582560462, 0.615954796362195, 0.615954796362195, 0.615954796362195, 0.615954796362195, 0.615954796362195, 0.21957328582560462, 0.615954796362195, 0.615954796362195, 0.615954796362195, 0.21957328582560462, 0.615954796362195, 0.615954796362195, 0.615954796362195, 0.615954796362195, 0.615954796362195, 0.615954796362195, 0.615954796362195, 0.615954796362195, 0.615954796362195, 0.21957328582560462, 0.615954796362195, 0.615954796362195, 0.615954796362195, 0.615954796362195, 0.615954796362195, 0.615954796362195, 0.615954796362195, 0.615954796362195, 0.615954796362195, 0.21957328582560462, 0.21957328582560462, 0.21957328582560462, 0.21957328582560462, 0.615954796362195, 0.21957328582560462, 0.615954796362195, 0.615954796362195, 0.615954796362195, 0.615954796362195, 0.21957328582560462, 0.615954796362195, 0.615954796362195, 0.615954796362195, 0.615954796362195, 0.615954796362195, 0.21957328582560462, 0.615954796362195, 0.615954796362195, 0.615954796362195, 0.615954796362195, 0.615954796362195, 0.615954796362195, 0.21957328582560462, 0.21957328582560462, 0.615954796362195, 0.21957328582560462, 0.615954796362195, 0.21957328582560462, 0.21957328582560462, 0.21957328582560462, 0.21957328582560462, 0.615954796362195, 0.615954796362195, 0.615954796362195, 0.615954796362195, 0.615954796362195, 0.21957328582560462, 0.615954796362195, 0.615954796362195, 0.615954796362195, 0.615954796362195, 0.615954796362195, 0.615954796362195, 0.615954796362195, 0.615954796362195, 0.615954796362195, 0.615954796362195, 0.21957328582560462, 0.615954796362195, 0.615954796362195, 0.615954796362195, 0.615954796362195, 0.21957328582560462, 0.21957328582560462, 0.615954796362195]",0.66,39,test,,0.0,6
0.82,81,1,2,16,100,0,1,1,1,0,0,0,8,0,0,0,0,0,1,"(array([0.75753897]), array([0.632613]), array([0.35699534]), array([0.235484]))",['DeepSeekQwen (32B)'],"[0.615954796362195, 0.615954796362195, 0.615954796362195, 0.615954796362195, 0.615954796362195, 0.615954796362195, 0.615954796362195, 0.615954796362195, 0.21957328582560462, 0.615954796362195, 0.615954796362195, 0.615954796362195, 0.21957328582560462, 0.615954796362195, 0.615954796362195, 0.615954796362195, 0.615954796362195, 0.615954796362195, 0.615954796362195, 0.615954796362195, 0.615954796362195, 0.21957328582560462, 0.615954796362195, 0.615954796362195, 0.615954796362195, 0.615954796362195, 0.615954796362195, 0.615954796362195, 0.615954796362195, 0.21957328582560462, 0.615954796362195, 0.615954796362195, 0.615954796362195, 0.615954796362195, 0.615954796362195, 0.615954796362195, 0.615954796362195, 0.615954796362195, 0.615954796362195, 0.615954796362195, 0.615954796362195, 0.21957328582560462, 0.615954796362195, 0.21957328582560462, 0.615954796362195, 0.615954796362195, 0.615954796362195, 0.21957328582560462, 0.21957328582560462, 0.21957328582560462, 0.615954796362195, 0.615954796362195, 0.615954796362195, 0.615954796362195, 0.615954796362195, 0.615954796362195, 0.21957328582560462, 0.615954796362195, 0.615954796362195, 0.615954796362195, 0.615954796362195, 0.615954796362195, 0.615954796362195, 0.615954796362195, 0.615954796362195, 0.21957328582560462, 0.615954796362195, 0.21957328582560462, 0.615954796362195, 0.615954796362195, 0.615954796362195, 0.615954796362195, 0.615954796362195, 0.615954796362195, 0.615954796362195, 0.615954796362195, 0.21957328582560462, 0.615954796362195, 0.615954796362195, 0.615954796362195, 0.615954796362195, 0.615954796362195, 0.615954796362195, 0.615954796362195, 0.615954796362195, 0.615954796362195, 0.615954796362195, 0.615954796362195, 0.615954796362195, 0.615954796362195, 0.615954796362195, 0.615954796362195, 0.615954796362195, 0.615954796362195, 0.21957328582560462, 0.21957328582560462, 0.615954796362195, 0.21957328582560462, 0.615954796362195, 0.21957328582560462]",0.97,40,test,,0.0,9
0.74,11,63,25,1,100,0,0,1,0,0,0,1,1,0,1,0,1,0,0,"(array([0.75753897]), array([0.632613]), array([0.35699534]), array([0.235484]))",['DeepSeekQwen (32B)'],"[0.615954796362195, 0.21957328582560462, 0.615954796362195, 0.21957328582560462, 0.21957328582560462, 0.21957328582560462, 0.21957328582560462, 0.615954796362195, 0.21957328582560462, 0.21957328582560462, 0.21957328582560462, 0.615954796362195, 0.615954796362195, 0.615954796362195, 0.615954796362195, 0.615954796362195, 0.21957328582560462, 0.21957328582560462, 0.21957328582560462, 0.615954796362195, 0.21957328582560462, 0.21957328582560462, 0.615954796362195, 0.21957328582560462, 0.21957328582560462, 0.615954796362195, 0.615954796362195, 0.21957328582560462, 0.21957328582560462, 0.21957328582560462, 0.21957328582560462, 0.21957328582560462, 0.21957328582560462, 0.21957328582560462, 0.21957328582560462, 0.21957328582560462, 0.21957328582560462, 0.21957328582560462, 0.21957328582560462, 0.615954796362195, 0.21957328582560462, 0.615954796362195, 0.21957328582560462, 0.615954796362195, 0.21957328582560462, 0.21957328582560462, 0.21957328582560462, 0.21957328582560462, 0.21957328582560462, 0.615954796362195, 0.21957328582560462, 0.21957328582560462, 0.615954796362195, 0.615954796362195, 0.21957328582560462, 0.21957328582560462, 0.21957328582560462, 0.21957328582560462, 0.21957328582560462, 0.21957328582560462, 0.21957328582560462, 0.615954796362195, 0.615954796362195, 0.21957328582560462, 0.21957328582560462, 0.615954796362195, 0.615954796362195, 0.615954796362195, 0.615954796362195, 0.21957328582560462, 0.21957328582560462, 0.21957328582560462, 0.21957328582560462, 0.21957328582560462, 0.615954796362195, 0.615954796362195, 0.21957328582560462, 0.21957328582560462, 0.615954796362195, 0.615954796362195, 0.615954796362195, 0.21957328582560462, 0.615954796362195, 0.615954796362195, 0.21957328582560462, 0.21957328582560462, 0.615954796362195, 0.21957328582560462, 0.21957328582560462, 0.21957328582560462, 0.21957328582560462, 0.615954796362195, 0.615954796362195, 0.615954796362195, 0.21957328582560462, 0.21957328582560462, 0.615954796362195, 0.21957328582560462, 0.21957328582560462, 0.21957328582560462]",0.12,41,test,,0.0,1
0.86,24,62,6,8,100,1,1,1,1,0,0,0,0,0,1,0,1,0,0,"(array([0.75753897]), array([0.632613]), array([0.35699534]), array([0.235484]))",['DeepSeekQwen (32B)'],"[0.21957328582560462, 0.615954796362195, 0.21957328582560462, 0.615954796362195, 0.615954796362195, 0.21957328582560462, 0.615954796362195, 0.21957328582560462, 0.615954796362195, 0.21957328582560462, 0.21957328582560462, 0.21957328582560462, 0.21957328582560462, 0.21957328582560462, 0.21957328582560462, 0.21957328582560462, 0.21957328582560462, 0.615954796362195, 0.615954796362195, 0.615954796362195, 0.21957328582560462, 0.615954796362195, 0.21957328582560462, 0.21957328582560462, 0.21957328582560462, 0.615954796362195, 0.21957328582560462, 0.21957328582560462, 0.615954796362195, 0.21957328582560462, 0.615954796362195, 0.21957328582560462, 0.615954796362195, 0.21957328582560462, 0.615954796362195, 0.615954796362195, 0.21957328582560462, 0.21957328582560462, 0.21957328582560462, 0.615954796362195, 0.21957328582560462, 0.21957328582560462, 0.21957328582560462, 0.21957328582560462, 0.21957328582560462, 0.21957328582560462, 0.21957328582560462, 0.21957328582560462, 0.615954796362195, 0.21957328582560462, 0.21957328582560462, 0.615954796362195, 0.21957328582560462, 0.21957328582560462, 0.615954796362195, 0.615954796362195, 0.21957328582560462, 0.21957328582560462, 0.615954796362195, 0.21957328582560462, 0.21957328582560462, 0.21957328582560462, 0.615954796362195, 0.21957328582560462, 0.615954796362195, 0.21957328582560462, 0.21957328582560462, 0.21957328582560462, 0.21957328582560462, 0.615954796362195, 0.21957328582560462, 0.21957328582560462, 0.615954796362195, 0.615954796362195, 0.21957328582560462, 0.615954796362195, 0.615954796362195, 0.21957328582560462, 0.21957328582560462, 0.615954796362195, 0.21957328582560462, 0.21957328582560462, 0.21957328582560462, 0.21957328582560462, 0.21957328582560462, 0.615954796362195, 0.21957328582560462, 0.21957328582560462, 0.21957328582560462, 0.21957328582560462, 0.21957328582560462, 0.21957328582560462, 0.21957328582560462, 0.21957328582560462, 0.21957328582560462, 0.21957328582560462, 0.21957328582560462, 0.21957328582560462, 0.21957328582560462, 0.21957328582560462]",0.32,42,test,,0.0,3
1.0,100,0,0,0,100,0,1,1,1,0,0,0,0,1,1,1,0,0,0,"(array([0.75753897]), array([0.632613]), array([0.35699534]), array([0.235484]))",['DeepSeekQwen (32B)'],"[0.615954796362195, 0.615954796362195, 0.615954796362195, 0.615954796362195, 0.615954796362195, 0.615954796362195, 0.615954796362195, 0.615954796362195, 0.615954796362195, 0.615954796362195, 0.615954796362195, 0.615954796362195, 0.615954796362195, 0.615954796362195, 0.615954796362195, 0.615954796362195, 0.615954796362195, 0.615954796362195, 0.615954796362195, 0.615954796362195, 0.615954796362195, 0.615954796362195, 0.615954796362195, 0.615954796362195, 0.615954796362195, 0.615954796362195, 0.615954796362195, 0.615954796362195, 0.615954796362195, 0.615954796362195, 0.615954796362195, 0.615954796362195, 0.615954796362195, 0.615954796362195, 0.615954796362195, 0.615954796362195, 0.615954796362195, 0.615954796362195, 0.615954796362195, 0.615954796362195, 0.615954796362195, 0.615954796362195, 0.615954796362195, 0.615954796362195, 0.615954796362195, 0.615954796362195, 0.615954796362195, 0.615954796362195, 0.615954796362195, 0.615954796362195, 0.615954796362195, 0.615954796362195, 0.615954796362195, 0.615954796362195, 0.615954796362195, 0.615954796362195, 0.615954796362195, 0.615954796362195, 0.615954796362195, 0.615954796362195, 0.615954796362195, 0.615954796362195, 0.615954796362195, 0.615954796362195, 0.615954796362195, 0.615954796362195, 0.615954796362195, 0.615954796362195, 0.615954796362195, 0.615954796362195, 0.615954796362195, 0.615954796362195, 0.615954796362195, 0.615954796362195, 0.615954796362195, 0.615954796362195, 0.615954796362195, 0.615954796362195, 0.615954796362195, 0.615954796362195, 0.615954796362195, 0.615954796362195, 0.615954796362195, 0.615954796362195, 0.615954796362195, 0.615954796362195, 0.615954796362195, 0.615954796362195, 0.615954796362195, 0.615954796362195, 0.615954796362195, 0.615954796362195, 0.615954796362195, 0.615954796362195, 0.615954796362195, 0.615954796362195, 0.615954796362195, 0.615954796362195, 0.615954796362195, 0.615954796362195]",1.0,43,test,,0.0,9
0.82,27,55,7,11,100,1,1,1,1,0,0,0,0,0,1,0,1,0,0,"(array([0.75753897]), array([0.632613]), array([0.35699534]), array([0.235484]))",['DeepSeekQwen (32B)'],"[0.21957328582560462, 0.615954796362195, 0.615954796362195, 0.615954796362195, 0.21957328582560462, 0.21957328582560462, 0.21957328582560462, 0.21957328582560462, 0.615954796362195, 0.21957328582560462, 0.21957328582560462, 0.21957328582560462, 0.615954796362195, 0.21957328582560462, 0.21957328582560462, 0.21957328582560462, 0.615954796362195, 0.615954796362195, 0.615954796362195, 0.21957328582560462, 0.615954796362195, 0.21957328582560462, 0.21957328582560462, 0.21957328582560462, 0.21957328582560462, 0.21957328582560462, 0.21957328582560462, 0.21957328582560462, 0.21957328582560462, 0.21957328582560462, 0.615954796362195, 0.21957328582560462, 0.21957328582560462, 0.615954796362195, 0.615954796362195, 0.21957328582560462, 0.21957328582560462, 0.21957328582560462, 0.21957328582560462, 0.21957328582560462, 0.21957328582560462, 0.21957328582560462, 0.21957328582560462, 0.21957328582560462, 0.615954796362195, 0.615954796362195, 0.21957328582560462, 0.21957328582560462, 0.21957328582560462, 0.21957328582560462, 0.615954796362195, 0.21957328582560462, 0.21957328582560462, 0.21957328582560462, 0.615954796362195, 0.21957328582560462, 0.615954796362195, 0.21957328582560462, 0.21957328582560462, 0.615954796362195, 0.615954796362195, 0.21957328582560462, 0.21957328582560462, 0.615954796362195, 0.21957328582560462, 0.615954796362195, 0.615954796362195, 0.21957328582560462, 0.21957328582560462, 0.21957328582560462, 0.21957328582560462, 0.21957328582560462, 0.615954796362195, 0.21957328582560462, 0.21957328582560462, 0.615954796362195, 0.615954796362195, 0.21957328582560462, 0.615954796362195, 0.615954796362195, 0.615954796362195, 0.615954796362195, 0.21957328582560462, 0.21957328582560462, 0.21957328582560462, 0.21957328582560462, 0.615954796362195, 0.615954796362195, 0.21957328582560462, 0.21957328582560462, 0.21957328582560462, 0.21957328582560462, 0.21957328582560462, 0.21957328582560462, 0.21957328582560462, 0.21957328582560462, 0.615954796362195, 0.21957328582560462, 0.615954796362195, 0.615954796362195]",0.38,44,test,,0.0,3
0.76,6,70,22,2,100,1,0,1,0,0,0,1,0,0,1,0,1,0,0,"(array([0.75753897]), array([0.632613]), array([0.35699534]), array([0.235484]))",['DeepSeekQwen (32B)'],"[0.21957328582560462, 0.615954796362195, 0.615954796362195, 0.21957328582560462, 0.21957328582560462, 0.615954796362195, 0.21957328582560462, 0.21957328582560462, 0.21957328582560462, 0.21957328582560462, 0.21957328582560462, 0.21957328582560462, 0.21957328582560462, 0.615954796362195, 0.21957328582560462, 0.615954796362195, 0.21957328582560462, 0.615954796362195, 0.615954796362195, 0.21957328582560462, 0.21957328582560462, 0.21957328582560462, 0.615954796362195, 0.21957328582560462, 0.21957328582560462, 0.615954796362195, 0.615954796362195, 0.21957328582560462, 0.21957328582560462, 0.615954796362195, 0.21957328582560462, 0.615954796362195, 0.21957328582560462, 0.21957328582560462, 0.21957328582560462, 0.21957328582560462, 0.21957328582560462, 0.21957328582560462, 0.615954796362195, 0.21957328582560462, 0.615954796362195, 0.21957328582560462, 0.615954796362195, 0.21957328582560462, 0.615954796362195, 0.21957328582560462, 0.21957328582560462, 0.21957328582560462, 0.21957328582560462, 0.615954796362195, 0.21957328582560462, 0.615954796362195, 0.615954796362195, 0.21957328582560462, 0.21957328582560462, 0.21957328582560462, 0.21957328582560462, 0.21957328582560462, 0.615954796362195, 0.21957328582560462, 0.615954796362195, 0.21957328582560462, 0.21957328582560462, 0.21957328582560462, 0.21957328582560462, 0.21957328582560462, 0.21957328582560462, 0.21957328582560462, 0.21957328582560462, 0.21957328582560462, 0.21957328582560462, 0.21957328582560462, 0.21957328582560462, 0.615954796362195, 0.21957328582560462, 0.21957328582560462, 0.21957328582560462, 0.615954796362195, 0.615954796362195, 0.21957328582560462, 0.21957328582560462, 0.615954796362195, 0.21957328582560462, 0.21957328582560462, 0.21957328582560462, 0.21957328582560462, 0.21957328582560462, 0.21957328582560462, 0.615954796362195, 0.21957328582560462, 0.21957328582560462, 0.21957328582560462, 0.21957328582560462, 0.615954796362195, 0.21957328582560462, 0.21957328582560462, 0.21957328582560462, 0.615954796362195, 0.21957328582560462, 0.21957328582560462]",0.08,45,test,,0.0,0
0.2,0,20,80,0,100,0,0,0,0,0,1,0,2,0,1,0,1,0,0,"(array([0.75753897]), array([0.632613]), array([0.35699534]), array([0.235484]))",['DeepSeekQwen (32B)'],"[0.615954796362195, 0.615954796362195, 0.21957328582560462, 0.615954796362195, 0.21957328582560462, 0.615954796362195, 0.615954796362195, 0.615954796362195, 0.615954796362195, 0.615954796362195, 0.615954796362195, 0.21957328582560462, 0.21957328582560462, 0.615954796362195, 0.615954796362195, 0.21957328582560462, 0.21957328582560462, 0.615954796362195, 0.615954796362195, 0.615954796362195, 0.21957328582560462, 0.615954796362195, 0.615954796362195, 0.615954796362195, 0.21957328582560462, 0.615954796362195, 0.615954796362195, 0.21957328582560462, 0.21957328582560462, 0.615954796362195, 0.615954796362195, 0.615954796362195, 0.615954796362195, 0.615954796362195, 0.615954796362195, 0.615954796362195, 0.615954796362195, 0.615954796362195, 0.615954796362195, 0.615954796362195, 0.615954796362195, 0.615954796362195, 0.21957328582560462, 0.615954796362195, 0.21957328582560462, 0.21957328582560462, 0.615954796362195, 0.615954796362195, 0.615954796362195, 0.21957328582560462, 0.615954796362195, 0.615954796362195, 0.615954796362195, 0.615954796362195, 0.615954796362195, 0.615954796362195, 0.615954796362195, 0.615954796362195, 0.615954796362195, 0.21957328582560462, 0.615954796362195, 0.615954796362195, 0.615954796362195, 0.615954796362195, 0.615954796362195, 0.615954796362195, 0.615954796362195, 0.615954796362195, 0.21957328582560462, 0.615954796362195, 0.615954796362195, 0.21957328582560462, 0.615954796362195, 0.615954796362195, 0.615954796362195, 0.615954796362195, 0.615954796362195, 0.615954796362195, 0.615954796362195, 0.615954796362195, 0.615954796362195, 0.615954796362195, 0.615954796362195, 0.615954796362195, 0.615954796362195, 0.615954796362195, 0.615954796362195, 0.615954796362195, 0.615954796362195, 0.615954796362195, 0.21957328582560462, 0.615954796362195, 0.21957328582560462, 0.615954796362195, 0.615954796362195, 0.615954796362195, 0.21957328582560462, 0.615954796362195, 0.615954796362195, 0.615954796362195]",0.0,46,test,,0.0,0
0.51,14,37,49,0,100,0,0,1,0,0,0,1,2,0,1,0,1,0,0,"(array([0.75753897]), array([0.632613]), array([0.35699534]), array([0.235484]))",['DeepSeekQwen (32B)'],"[0.615954796362195, 0.615954796362195, 0.21957328582560462, 0.21957328582560462, 0.21957328582560462, 0.21957328582560462, 0.21957328582560462, 0.21957328582560462, 0.21957328582560462, 0.21957328582560462, 0.615954796362195, 0.615954796362195, 0.615954796362195, 0.615954796362195, 0.21957328582560462, 0.615954796362195, 0.615954796362195, 0.21957328582560462, 0.615954796362195, 0.615954796362195, 0.21957328582560462, 0.615954796362195, 0.615954796362195, 0.21957328582560462, 0.615954796362195, 0.21957328582560462, 0.615954796362195, 0.615954796362195, 0.615954796362195, 0.21957328582560462, 0.615954796362195, 0.615954796362195, 0.21957328582560462, 0.615954796362195, 0.615954796362195, 0.615954796362195, 0.21957328582560462, 0.21957328582560462, 0.615954796362195, 0.615954796362195, 0.21957328582560462, 0.21957328582560462, 0.615954796362195, 0.615954796362195, 0.615954796362195, 0.615954796362195, 0.21957328582560462, 0.21957328582560462, 0.615954796362195, 0.21957328582560462, 0.615954796362195, 0.21957328582560462, 0.615954796362195, 0.615954796362195, 0.615954796362195, 0.615954796362195, 0.615954796362195, 0.615954796362195, 0.615954796362195, 0.615954796362195, 0.21957328582560462, 0.21957328582560462, 0.21957328582560462, 0.615954796362195, 0.615954796362195, 0.615954796362195, 0.615954796362195, 0.615954796362195, 0.615954796362195, 0.615954796362195, 0.615954796362195, 0.615954796362195, 0.21957328582560462, 0.615954796362195, 0.615954796362195, 0.21957328582560462, 0.615954796362195, 0.615954796362195, 0.21957328582560462, 0.21957328582560462, 0.615954796362195, 0.21957328582560462, 0.615954796362195, 0.615954796362195, 0.21957328582560462, 0.615954796362195, 0.615954796362195, 0.21957328582560462, 0.21957328582560462, 0.21957328582560462, 0.615954796362195, 0.615954796362195, 0.615954796362195, 0.615954796362195, 0.615954796362195, 0.21957328582560462, 0.21957328582560462, 0.615954796362195, 0.615954796362195, 0.615954796362195]",0.14,47,test,,0.0,1
0.92,0,92,8,0,100,34,0,0,0,0,1,0,0,0,1,0,1,0,0,"(array([0.75753897]), array([0.632613]), array([0.35699534]), array([0.235484]))",['DeepSeekQwen (32B)'],"[0.21957328582560462, 0.21957328582560462, 0.21957328582560462, 0.21957328582560462, 0.21957328582560462, 0.21957328582560462, 0.21957328582560462, 0.21957328582560462, 0.21957328582560462, 0.21957328582560462, 0.21957328582560462, 0.21957328582560462, 0.21957328582560462, 0.21957328582560462, 0.21957328582560462, 0.21957328582560462, 0.21957328582560462, 0.21957328582560462, 0.21957328582560462, 0.21957328582560462, 0.21957328582560462, 0.21957328582560462, 0.21957328582560462, 0.21957328582560462, 0.21957328582560462, 0.21957328582560462, 0.21957328582560462, 0.21957328582560462, 0.21957328582560462, 0.21957328582560462, 0.21957328582560462, 0.21957328582560462, 0.21957328582560462, 0.21957328582560462, 0.615954796362195, 0.21957328582560462, 0.21957328582560462, 0.21957328582560462, 0.21957328582560462, 0.21957328582560462, 0.21957328582560462, 0.21957328582560462, 0.615954796362195, 0.21957328582560462, 0.21957328582560462, 0.21957328582560462, 0.21957328582560462, 0.21957328582560462, 0.615954796362195, 0.21957328582560462, 0.21957328582560462, 0.21957328582560462, 0.21957328582560462, 0.21957328582560462, 0.21957328582560462, 0.21957328582560462, 0.21957328582560462, 0.21957328582560462, 0.21957328582560462, 0.21957328582560462, 0.21957328582560462, 0.21957328582560462, 0.21957328582560462, 0.615954796362195, 0.21957328582560462, 0.21957328582560462, 0.21957328582560462, 0.21957328582560462, 0.615954796362195, 0.21957328582560462, 0.21957328582560462, 0.21957328582560462, 0.21957328582560462, 0.21957328582560462, 0.21957328582560462, 0.21957328582560462, 0.21957328582560462, 0.21957328582560462, 0.21957328582560462, 0.21957328582560462, 0.21957328582560462, 0.21957328582560462, 0.21957328582560462, 0.615954796362195, 0.21957328582560462, 0.21957328582560462, 0.21957328582560462, 0.21957328582560462, 0.615954796362195, 0.21957328582560462, 0.21957328582560462, 0.21957328582560462, 0.21957328582560462, 0.21957328582560462, 0.21957328582560462, 0.21957328582560462, 0.21957328582560462, 0.21957328582560462, 0.615954796362195, 0.21957328582560462]",0.0,48,test,,0.0,0
0.92,92,0,0,8,100,0,1,1,1,0,0,0,6,0,0,0,0,0,1,"(array([0.75753897]), array([0.632613]), array([0.35699534]), array([0.235484]))",['DeepSeekQwen (32B)'],"[0.615954796362195, 0.615954796362195, 0.615954796362195, 0.615954796362195, 0.615954796362195, 0.615954796362195, 0.21957328582560462, 0.615954796362195, 0.615954796362195, 0.615954796362195, 0.615954796362195, 0.615954796362195, 0.615954796362195, 0.615954796362195, 0.615954796362195, 0.615954796362195, 0.615954796362195, 0.615954796362195, 0.615954796362195, 0.615954796362195, 0.615954796362195, 0.615954796362195, 0.615954796362195, 0.615954796362195, 0.615954796362195, 0.615954796362195, 0.615954796362195, 0.21957328582560462, 0.615954796362195, 0.615954796362195, 0.615954796362195, 0.615954796362195, 0.615954796362195, 0.615954796362195, 0.615954796362195, 0.615954796362195, 0.21957328582560462, 0.615954796362195, 0.21957328582560462, 0.21957328582560462, 0.615954796362195, 0.615954796362195, 0.615954796362195, 0.615954796362195, 0.615954796362195, 0.615954796362195, 0.615954796362195, 0.615954796362195, 0.615954796362195, 0.615954796362195, 0.21957328582560462, 0.615954796362195, 0.615954796362195, 0.615954796362195, 0.615954796362195, 0.615954796362195, 0.615954796362195, 0.615954796362195, 0.615954796362195, 0.615954796362195, 0.615954796362195, 0.615954796362195, 0.615954796362195, 0.615954796362195, 0.615954796362195, 0.615954796362195, 0.615954796362195, 0.615954796362195, 0.615954796362195, 0.615954796362195, 0.21957328582560462, 0.615954796362195, 0.615954796362195, 0.21957328582560462, 0.615954796362195, 0.615954796362195, 0.615954796362195, 0.615954796362195, 0.615954796362195, 0.615954796362195, 0.615954796362195, 0.615954796362195, 0.615954796362195, 0.615954796362195, 0.615954796362195, 0.615954796362195, 0.615954796362195, 0.615954796362195, 0.615954796362195, 0.615954796362195, 0.615954796362195, 0.615954796362195, 0.615954796362195, 0.615954796362195, 0.615954796362195, 0.615954796362195, 0.615954796362195, 0.615954796362195, 0.615954796362195, 0.615954796362195]",1.0,49,test,,0.0,9
0.82,0,82,18,0,100,6,0,0,0,0,1,0,0,0,1,0,1,0,0,"(array([0.75753897]), array([0.632613]), array([0.35699534]), array([0.235484]))",['DeepSeekQwen (32B)'],"[0.21957328582560462, 0.21957328582560462, 0.21957328582560462, 0.21957328582560462, 0.21957328582560462, 0.21957328582560462, 0.615954796362195, 0.21957328582560462, 0.615954796362195, 0.21957328582560462, 0.21957328582560462, 0.21957328582560462, 0.21957328582560462, 0.21957328582560462, 0.21957328582560462, 0.21957328582560462, 0.21957328582560462, 0.21957328582560462, 0.21957328582560462, 0.21957328582560462, 0.615954796362195, 0.21957328582560462, 0.21957328582560462, 0.21957328582560462, 0.615954796362195, 0.615954796362195, 0.615954796362195, 0.21957328582560462, 0.21957328582560462, 0.21957328582560462, 0.21957328582560462, 0.21957328582560462, 0.21957328582560462, 0.21957328582560462, 0.21957328582560462, 0.21957328582560462, 0.21957328582560462, 0.21957328582560462, 0.21957328582560462, 0.21957328582560462, 0.21957328582560462, 0.21957328582560462, 0.21957328582560462, 0.21957328582560462, 0.21957328582560462, 0.21957328582560462, 0.21957328582560462, 0.615954796362195, 0.21957328582560462, 0.21957328582560462, 0.21957328582560462, 0.615954796362195, 0.615954796362195, 0.21957328582560462, 0.21957328582560462, 0.21957328582560462, 0.21957328582560462, 0.21957328582560462, 0.21957328582560462, 0.21957328582560462, 0.21957328582560462, 0.21957328582560462, 0.21957328582560462, 0.21957328582560462, 0.615954796362195, 0.21957328582560462, 0.21957328582560462, 0.21957328582560462, 0.21957328582560462, 0.21957328582560462, 0.615954796362195, 0.21957328582560462, 0.21957328582560462, 0.21957328582560462, 0.21957328582560462, 0.21957328582560462, 0.615954796362195, 0.615954796362195, 0.615954796362195, 0.21957328582560462, 0.21957328582560462, 0.21957328582560462, 0.21957328582560462, 0.21957328582560462, 0.21957328582560462, 0.21957328582560462, 0.615954796362195, 0.615954796362195, 0.21957328582560462, 0.21957328582560462, 0.21957328582560462, 0.21957328582560462, 0.21957328582560462, 0.21957328582560462, 0.615954796362195, 0.21957328582560462, 0.21957328582560462, 0.21957328582560462, 0.21957328582560462, 0.615954796362195]",0.0,50,test,,0.0,0
0.95,95,0,0,5,100,0,1,1,1,0,0,0,13,0,0,0,0,0,1,"(array([0.75753897]), array([0.632613]), array([0.35699534]), array([0.235484]))",['DeepSeekQwen (32B)'],"[0.615954796362195, 0.615954796362195, 0.615954796362195, 0.615954796362195, 0.615954796362195, 0.615954796362195, 0.615954796362195, 0.615954796362195, 0.615954796362195, 0.615954796362195, 0.615954796362195, 0.615954796362195, 0.615954796362195, 0.21957328582560462, 0.615954796362195, 0.615954796362195, 0.615954796362195, 0.615954796362195, 0.615954796362195, 0.615954796362195, 0.615954796362195, 0.615954796362195, 0.615954796362195, 0.615954796362195, 0.615954796362195, 0.615954796362195, 0.615954796362195, 0.615954796362195, 0.615954796362195, 0.615954796362195, 0.615954796362195, 0.21957328582560462, 0.615954796362195, 0.615954796362195, 0.615954796362195, 0.615954796362195, 0.615954796362195, 0.615954796362195, 0.615954796362195, 0.615954796362195, 0.615954796362195, 0.615954796362195, 0.615954796362195, 0.615954796362195, 0.615954796362195, 0.615954796362195, 0.615954796362195, 0.615954796362195, 0.615954796362195, 0.615954796362195, 0.615954796362195, 0.615954796362195, 0.615954796362195, 0.615954796362195, 0.615954796362195, 0.615954796362195, 0.615954796362195, 0.615954796362195, 0.615954796362195, 0.615954796362195, 0.615954796362195, 0.615954796362195, 0.615954796362195, 0.615954796362195, 0.615954796362195, 0.615954796362195, 0.615954796362195, 0.21957328582560462, 0.615954796362195, 0.615954796362195, 0.615954796362195, 0.615954796362195, 0.615954796362195, 0.615954796362195, 0.615954796362195, 0.615954796362195, 0.615954796362195, 0.615954796362195, 0.615954796362195, 0.615954796362195, 0.615954796362195, 0.615954796362195, 0.21957328582560462, 0.615954796362195, 0.615954796362195, 0.615954796362195, 0.615954796362195, 0.615954796362195, 0.615954796362195, 0.615954796362195, 0.615954796362195, 0.615954796362195, 0.615954796362195, 0.615954796362195, 0.615954796362195, 0.615954796362195, 0.21957328582560462, 0.615954796362195, 0.615954796362195, 0.615954796362195]",1.0,51,test,,0.0,9
0.68,26,42,23,9,100,0,0,1,0,0,0,1,2,0,0,0,0,0,1,"(array([0.75753897]), array([0.632613]), array([0.35699534]), array([0.235484]))",['DeepSeekQwen (32B)'],"[0.615954796362195, 0.615954796362195, 0.21957328582560462, 0.21957328582560462, 0.615954796362195, 0.615954796362195, 0.615954796362195, 0.615954796362195, 0.615954796362195, 0.21957328582560462, 0.615954796362195, 0.21957328582560462, 0.615954796362195, 0.21957328582560462, 0.21957328582560462, 0.615954796362195, 0.615954796362195, 0.615954796362195, 0.615954796362195, 0.615954796362195, 0.615954796362195, 0.21957328582560462, 0.615954796362195, 0.615954796362195, 0.21957328582560462, 0.615954796362195, 0.615954796362195, 0.21957328582560462, 0.615954796362195, 0.615954796362195, 0.615954796362195, 0.21957328582560462, 0.615954796362195, 0.21957328582560462, 0.615954796362195, 0.21957328582560462, 0.21957328582560462, 0.21957328582560462, 0.21957328582560462, 0.615954796362195, 0.21957328582560462, 0.21957328582560462, 0.21957328582560462, 0.615954796362195, 0.615954796362195, 0.21957328582560462, 0.615954796362195, 0.21957328582560462, 0.21957328582560462, 0.21957328582560462, 0.21957328582560462, 0.21957328582560462, 0.615954796362195, 0.615954796362195, 0.21957328582560462, 0.21957328582560462, 0.615954796362195, 0.21957328582560462, 0.615954796362195, 0.21957328582560462, 0.615954796362195, 0.21957328582560462, 0.21957328582560462, 0.615954796362195, 0.21957328582560462, 0.615954796362195, 0.21957328582560462, 0.21957328582560462, 0.615954796362195, 0.615954796362195, 0.615954796362195, 0.615954796362195, 0.615954796362195, 0.615954796362195, 0.21957328582560462, 0.615954796362195, 0.615954796362195, 0.21957328582560462, 0.21957328582560462, 0.21957328582560462, 0.21957328582560462, 0.21957328582560462, 0.21957328582560462, 0.21957328582560462, 0.21957328582560462, 0.21957328582560462, 0.21957328582560462, 0.21957328582560462, 0.615954796362195, 0.615954796362195, 0.21957328582560462, 0.21957328582560462, 0.21957328582560462, 0.21957328582560462, 0.21957328582560462, 0.615954796362195, 0.615954796362195, 0.21957328582560462, 0.615954796362195, 0.615954796362195]",0.35,52,test,,0.0,3
0.79,51,28,7,14,100,0,1,1,1,0,0,0,1,0,0,0,0,0,1,"(array([0.75753897]), array([0.632613]), array([0.35699534]), array([0.235484]))",['DeepSeekQwen (32B)'],"[0.615954796362195, 0.21957328582560462, 0.21957328582560462, 0.615954796362195, 0.615954796362195, 0.615954796362195, 0.615954796362195, 0.21957328582560462, 0.615954796362195, 0.615954796362195, 0.21957328582560462, 0.615954796362195, 0.615954796362195, 0.21957328582560462, 0.21957328582560462, 0.615954796362195, 0.21957328582560462, 0.615954796362195, 0.615954796362195, 0.21957328582560462, 0.21957328582560462, 0.615954796362195, 0.21957328582560462, 0.615954796362195, 0.21957328582560462, 0.615954796362195, 0.615954796362195, 0.615954796362195, 0.615954796362195, 0.615954796362195, 0.21957328582560462, 0.21957328582560462, 0.615954796362195, 0.615954796362195, 0.615954796362195, 0.21957328582560462, 0.615954796362195, 0.615954796362195, 0.615954796362195, 0.615954796362195, 0.615954796362195, 0.21957328582560462, 0.21957328582560462, 0.21957328582560462, 0.21957328582560462, 0.21957328582560462, 0.615954796362195, 0.615954796362195, 0.21957328582560462, 0.21957328582560462, 0.615954796362195, 0.21957328582560462, 0.615954796362195, 0.21957328582560462, 0.615954796362195, 0.615954796362195, 0.21957328582560462, 0.615954796362195, 0.21957328582560462, 0.21957328582560462, 0.615954796362195, 0.21957328582560462, 0.615954796362195, 0.21957328582560462, 0.615954796362195, 0.615954796362195, 0.21957328582560462, 0.21957328582560462, 0.615954796362195, 0.615954796362195, 0.21957328582560462, 0.615954796362195, 0.21957328582560462, 0.21957328582560462, 0.615954796362195, 0.615954796362195, 0.615954796362195, 0.615954796362195, 0.615954796362195, 0.615954796362195, 0.615954796362195, 0.21957328582560462, 0.21957328582560462, 0.21957328582560462, 0.21957328582560462, 0.615954796362195, 0.21957328582560462, 0.615954796362195, 0.615954796362195, 0.615954796362195, 0.615954796362195, 0.615954796362195, 0.21957328582560462, 0.615954796362195, 0.21957328582560462, 0.615954796362195, 0.615954796362195, 0.21957328582560462, 0.21957328582560462, 0.615954796362195]",0.65,53,test,,0.0,6
0.67,8,59,32,1,100,0,0,1,0,0,0,1,1,0,1,0,1,0,0,"(array([0.75753897]), array([0.632613]), array([0.35699534]), array([0.235484]))",['DeepSeekQwen (32B)'],"[0.615954796362195, 0.21957328582560462, 0.615954796362195, 0.21957328582560462, 0.615954796362195, 0.615954796362195, 0.21957328582560462, 0.615954796362195, 0.21957328582560462, 0.21957328582560462, 0.615954796362195, 0.615954796362195, 0.21957328582560462, 0.615954796362195, 0.615954796362195, 0.21957328582560462, 0.615954796362195, 0.615954796362195, 0.615954796362195, 0.21957328582560462, 0.21957328582560462, 0.615954796362195, 0.615954796362195, 0.615954796362195, 0.615954796362195, 0.615954796362195, 0.615954796362195, 0.21957328582560462, 0.21957328582560462, 0.21957328582560462, 0.615954796362195, 0.21957328582560462, 0.21957328582560462, 0.21957328582560462, 0.21957328582560462, 0.21957328582560462, 0.21957328582560462, 0.615954796362195, 0.615954796362195, 0.21957328582560462, 0.615954796362195, 0.21957328582560462, 0.21957328582560462, 0.615954796362195, 0.21957328582560462, 0.21957328582560462, 0.21957328582560462, 0.21957328582560462, 0.21957328582560462, 0.21957328582560462, 0.21957328582560462, 0.21957328582560462, 0.21957328582560462, 0.21957328582560462, 0.615954796362195, 0.21957328582560462, 0.21957328582560462, 0.615954796362195, 0.21957328582560462, 0.21957328582560462, 0.21957328582560462, 0.21957328582560462, 0.615954796362195, 0.21957328582560462, 0.615954796362195, 0.615954796362195, 0.21957328582560462, 0.21957328582560462, 0.21957328582560462, 0.21957328582560462, 0.21957328582560462, 0.615954796362195, 0.615954796362195, 0.615954796362195, 0.615954796362195, 0.21957328582560462, 0.21957328582560462, 0.615954796362195, 0.21957328582560462, 0.21957328582560462, 0.615954796362195, 0.615954796362195, 0.21957328582560462, 0.615954796362195, 0.21957328582560462, 0.615954796362195, 0.615954796362195, 0.21957328582560462, 0.21957328582560462, 0.21957328582560462, 0.21957328582560462, 0.615954796362195, 0.21957328582560462, 0.615954796362195, 0.21957328582560462, 0.21957328582560462, 0.21957328582560462, 0.21957328582560462, 0.21957328582560462, 0.21957328582560462]",0.09,54,test,,0.0,0
0.9,0,90,10,0,100,16,0,0,0,0,1,0,0,0,1,0,1,0,0,"(array([0.75753897]), array([0.632613]), array([0.35699534]), array([0.235484]))",['DeepSeekQwen (32B)'],"[0.21957328582560462, 0.21957328582560462, 0.21957328582560462, 0.21957328582560462, 0.21957328582560462, 0.21957328582560462, 0.21957328582560462, 0.21957328582560462, 0.21957328582560462, 0.21957328582560462, 0.21957328582560462, 0.21957328582560462, 0.21957328582560462, 0.21957328582560462, 0.21957328582560462, 0.21957328582560462, 0.615954796362195, 0.21957328582560462, 0.21957328582560462, 0.21957328582560462, 0.21957328582560462, 0.21957328582560462, 0.21957328582560462, 0.21957328582560462, 0.615954796362195, 0.21957328582560462, 0.21957328582560462, 0.615954796362195, 0.21957328582560462, 0.21957328582560462, 0.21957328582560462, 0.21957328582560462, 0.21957328582560462, 0.21957328582560462, 0.21957328582560462, 0.21957328582560462, 0.21957328582560462, 0.21957328582560462, 0.21957328582560462, 0.21957328582560462, 0.21957328582560462, 0.21957328582560462, 0.615954796362195, 0.21957328582560462, 0.21957328582560462, 0.21957328582560462, 0.21957328582560462, 0.21957328582560462, 0.21957328582560462, 0.21957328582560462, 0.21957328582560462, 0.21957328582560462, 0.21957328582560462, 0.21957328582560462, 0.21957328582560462, 0.21957328582560462, 0.21957328582560462, 0.615954796362195, 0.21957328582560462, 0.21957328582560462, 0.21957328582560462, 0.21957328582560462, 0.21957328582560462, 0.615954796362195, 0.21957328582560462, 0.21957328582560462, 0.21957328582560462, 0.21957328582560462, 0.21957328582560462, 0.21957328582560462, 0.21957328582560462, 0.21957328582560462, 0.21957328582560462, 0.615954796362195, 0.21957328582560462, 0.21957328582560462, 0.21957328582560462, 0.21957328582560462, 0.21957328582560462, 0.21957328582560462, 0.21957328582560462, 0.21957328582560462, 0.21957328582560462, 0.21957328582560462, 0.21957328582560462, 0.21957328582560462, 0.21957328582560462, 0.615954796362195, 0.21957328582560462, 0.21957328582560462, 0.615954796362195, 0.21957328582560462, 0.21957328582560462, 0.21957328582560462, 0.21957328582560462, 0.615954796362195, 0.21957328582560462, 0.21957328582560462, 0.21957328582560462, 0.21957328582560462]",0.0,55,test,,0.0,0
0.81,65,16,8,11,100,1,1,1,1,0,0,0,0,0,1,0,1,0,0,"(array([0.75753897]), array([0.632613]), array([0.35699534]), array([0.235484]))",['DeepSeekQwen (32B)'],"[0.21957328582560462, 0.615954796362195, 0.615954796362195, 0.615954796362195, 0.615954796362195, 0.615954796362195, 0.615954796362195, 0.615954796362195, 0.615954796362195, 0.615954796362195, 0.615954796362195, 0.21957328582560462, 0.615954796362195, 0.615954796362195, 0.21957328582560462, 0.615954796362195, 0.615954796362195, 0.615954796362195, 0.21957328582560462, 0.615954796362195, 0.21957328582560462, 0.615954796362195, 0.615954796362195, 0.615954796362195, 0.21957328582560462, 0.21957328582560462, 0.615954796362195, 0.615954796362195, 0.615954796362195, 0.615954796362195, 0.615954796362195, 0.615954796362195, 0.615954796362195, 0.615954796362195, 0.615954796362195, 0.615954796362195, 0.615954796362195, 0.615954796362195, 0.615954796362195, 0.615954796362195, 0.615954796362195, 0.615954796362195, 0.21957328582560462, 0.21957328582560462, 0.615954796362195, 0.615954796362195, 0.615954796362195, 0.615954796362195, 0.615954796362195, 0.21957328582560462, 0.615954796362195, 0.615954796362195, 0.615954796362195, 0.21957328582560462, 0.615954796362195, 0.615954796362195, 0.21957328582560462, 0.21957328582560462, 0.615954796362195, 0.615954796362195, 0.21957328582560462, 0.21957328582560462, 0.615954796362195, 0.615954796362195, 0.21957328582560462, 0.615954796362195, 0.615954796362195, 0.21957328582560462, 0.21957328582560462, 0.21957328582560462, 0.615954796362195, 0.615954796362195, 0.21957328582560462, 0.615954796362195, 0.615954796362195, 0.21957328582560462, 0.615954796362195, 0.21957328582560462, 0.615954796362195, 0.615954796362195, 0.615954796362195, 0.615954796362195, 0.21957328582560462, 0.21957328582560462, 0.615954796362195, 0.615954796362195, 0.615954796362195, 0.615954796362195, 0.615954796362195, 0.615954796362195, 0.21957328582560462, 0.615954796362195, 0.615954796362195, 0.615954796362195, 0.615954796362195, 0.615954796362195, 0.21957328582560462, 0.21957328582560462, 0.615954796362195, 0.615954796362195]",0.76,56,test,,0.0,7
0.83,76,7,2,15,100,0,1,1,1,0,0,0,8,0,1,0,1,0,0,"(array([0.75753897]), array([0.632613]), array([0.35699534]), array([0.235484]))",['DeepSeekQwen (32B)'],"[0.615954796362195, 0.615954796362195, 0.615954796362195, 0.615954796362195, 0.615954796362195, 0.615954796362195, 0.615954796362195, 0.615954796362195, 0.21957328582560462, 0.615954796362195, 0.21957328582560462, 0.615954796362195, 0.615954796362195, 0.21957328582560462, 0.615954796362195, 0.615954796362195, 0.21957328582560462, 0.615954796362195, 0.615954796362195, 0.615954796362195, 0.615954796362195, 0.615954796362195, 0.615954796362195, 0.615954796362195, 0.615954796362195, 0.615954796362195, 0.615954796362195, 0.615954796362195, 0.615954796362195, 0.615954796362195, 0.615954796362195, 0.21957328582560462, 0.615954796362195, 0.615954796362195, 0.21957328582560462, 0.615954796362195, 0.615954796362195, 0.615954796362195, 0.615954796362195, 0.615954796362195, 0.615954796362195, 0.615954796362195, 0.615954796362195, 0.615954796362195, 0.615954796362195, 0.615954796362195, 0.615954796362195, 0.21957328582560462, 0.615954796362195, 0.21957328582560462, 0.615954796362195, 0.21957328582560462, 0.615954796362195, 0.615954796362195, 0.615954796362195, 0.21957328582560462, 0.615954796362195, 0.615954796362195, 0.615954796362195, 0.615954796362195, 0.615954796362195, 0.21957328582560462, 0.21957328582560462, 0.21957328582560462, 0.21957328582560462, 0.615954796362195, 0.21957328582560462, 0.615954796362195, 0.615954796362195, 0.615954796362195, 0.615954796362195, 0.615954796362195, 0.615954796362195, 0.21957328582560462, 0.21957328582560462, 0.21957328582560462, 0.21957328582560462, 0.615954796362195, 0.615954796362195, 0.615954796362195, 0.615954796362195, 0.615954796362195, 0.21957328582560462, 0.615954796362195, 0.615954796362195, 0.615954796362195, 0.615954796362195, 0.615954796362195, 0.21957328582560462, 0.615954796362195, 0.615954796362195, 0.615954796362195, 0.615954796362195, 0.615954796362195, 0.21957328582560462, 0.615954796362195, 0.615954796362195, 0.615954796362195, 0.615954796362195, 0.615954796362195]",0.91,57,test,,0.0,9
0.68,43,25,27,5,100,1,0,1,0,0,0,1,0,0,0,0,0,0,1,"(array([0.75753897]), array([0.632613]), array([0.35699534]), array([0.235484]))",['DeepSeekQwen (32B)'],"[0.21957328582560462, 0.615954796362195, 0.615954796362195, 0.615954796362195, 0.21957328582560462, 0.615954796362195, 0.615954796362195, 0.615954796362195, 0.615954796362195, 0.615954796362195, 0.615954796362195, 0.615954796362195, 0.615954796362195, 0.21957328582560462, 0.615954796362195, 0.615954796362195, 0.615954796362195, 0.21957328582560462, 0.21957328582560462, 0.21957328582560462, 0.615954796362195, 0.615954796362195, 0.615954796362195, 0.615954796362195, 0.21957328582560462, 0.615954796362195, 0.615954796362195, 0.21957328582560462, 0.615954796362195, 0.615954796362195, 0.615954796362195, 0.615954796362195, 0.21957328582560462, 0.615954796362195, 0.615954796362195, 0.615954796362195, 0.21957328582560462, 0.21957328582560462, 0.615954796362195, 0.615954796362195, 0.615954796362195, 0.615954796362195, 0.21957328582560462, 0.21957328582560462, 0.615954796362195, 0.615954796362195, 0.615954796362195, 0.615954796362195, 0.615954796362195, 0.615954796362195, 0.21957328582560462, 0.615954796362195, 0.615954796362195, 0.615954796362195, 0.615954796362195, 0.615954796362195, 0.615954796362195, 0.21957328582560462, 0.21957328582560462, 0.615954796362195, 0.21957328582560462, 0.21957328582560462, 0.615954796362195, 0.615954796362195, 0.21957328582560462, 0.615954796362195, 0.615954796362195, 0.615954796362195, 0.615954796362195, 0.615954796362195, 0.615954796362195, 0.615954796362195, 0.615954796362195, 0.615954796362195, 0.21957328582560462, 0.615954796362195, 0.615954796362195, 0.615954796362195, 0.615954796362195, 0.21957328582560462, 0.615954796362195, 0.21957328582560462, 0.615954796362195, 0.21957328582560462, 0.21957328582560462, 0.615954796362195, 0.21957328582560462, 0.21957328582560462, 0.615954796362195, 0.615954796362195, 0.615954796362195, 0.615954796362195, 0.21957328582560462, 0.21957328582560462, 0.615954796362195, 0.615954796362195, 0.21957328582560462, 0.21957328582560462, 0.615954796362195, 0.615954796362195]",0.48,58,test,,0.0,4
0.55,1,54,45,0,100,2,0,1,0,0,0,1,0,0,1,0,1,0,0,"(array([0.75753897]), array([0.632613]), array([0.35699534]), array([0.235484]))",['DeepSeekQwen (32B)'],"[0.21957328582560462, 0.21957328582560462, 0.615954796362195, 0.21957328582560462, 0.615954796362195, 0.21957328582560462, 0.21957328582560462, 0.615954796362195, 0.615954796362195, 0.615954796362195, 0.21957328582560462, 0.21957328582560462, 0.21957328582560462, 0.21957328582560462, 0.615954796362195, 0.615954796362195, 0.615954796362195, 0.21957328582560462, 0.615954796362195, 0.615954796362195, 0.21957328582560462, 0.21957328582560462, 0.615954796362195, 0.615954796362195, 0.21957328582560462, 0.21957328582560462, 0.21957328582560462, 0.21957328582560462, 0.21957328582560462, 0.21957328582560462, 0.21957328582560462, 0.615954796362195, 0.21957328582560462, 0.21957328582560462, 0.615954796362195, 0.21957328582560462, 0.615954796362195, 0.615954796362195, 0.21957328582560462, 0.615954796362195, 0.615954796362195, 0.615954796362195, 0.21957328582560462, 0.21957328582560462, 0.21957328582560462, 0.21957328582560462, 0.615954796362195, 0.615954796362195, 0.615954796362195, 0.21957328582560462, 0.615954796362195, 0.615954796362195, 0.21957328582560462, 0.615954796362195, 0.615954796362195, 0.21957328582560462, 0.615954796362195, 0.615954796362195, 0.21957328582560462, 0.615954796362195, 0.615954796362195, 0.615954796362195, 0.21957328582560462, 0.21957328582560462, 0.21957328582560462, 0.21957328582560462, 0.615954796362195, 0.21957328582560462, 0.21957328582560462, 0.21957328582560462, 0.615954796362195, 0.615954796362195, 0.615954796362195, 0.615954796362195, 0.21957328582560462, 0.21957328582560462, 0.615954796362195, 0.21957328582560462, 0.21957328582560462, 0.21957328582560462, 0.21957328582560462, 0.21957328582560462, 0.615954796362195, 0.615954796362195, 0.615954796362195, 0.21957328582560462, 0.615954796362195, 0.21957328582560462, 0.21957328582560462, 0.21957328582560462, 0.21957328582560462, 0.21957328582560462, 0.615954796362195, 0.615954796362195, 0.21957328582560462, 0.21957328582560462, 0.615954796362195, 0.615954796362195, 0.615954796362195, 0.21957328582560462]",0.01,59,test,,0.0,0
0.81,78,3,5,14,100,2,1,1,1,0,0,0,0,0,1,0,1,0,0,"(array([0.75753897]), array([0.632613]), array([0.35699534]), array([0.235484]))",['DeepSeekQwen (32B)'],"[0.21957328582560462, 0.21957328582560462, 0.615954796362195, 0.615954796362195, 0.615954796362195, 0.615954796362195, 0.21957328582560462, 0.615954796362195, 0.615954796362195, 0.21957328582560462, 0.615954796362195, 0.615954796362195, 0.615954796362195, 0.615954796362195, 0.615954796362195, 0.615954796362195, 0.615954796362195, 0.615954796362195, 0.615954796362195, 0.615954796362195, 0.615954796362195, 0.21957328582560462, 0.615954796362195, 0.615954796362195, 0.615954796362195, 0.21957328582560462, 0.615954796362195, 0.615954796362195, 0.615954796362195, 0.615954796362195, 0.615954796362195, 0.615954796362195, 0.615954796362195, 0.615954796362195, 0.21957328582560462, 0.615954796362195, 0.615954796362195, 0.21957328582560462, 0.615954796362195, 0.21957328582560462, 0.615954796362195, 0.615954796362195, 0.615954796362195, 0.615954796362195, 0.615954796362195, 0.21957328582560462, 0.615954796362195, 0.615954796362195, 0.615954796362195, 0.615954796362195, 0.615954796362195, 0.615954796362195, 0.615954796362195, 0.615954796362195, 0.615954796362195, 0.615954796362195, 0.615954796362195, 0.615954796362195, 0.615954796362195, 0.21957328582560462, 0.615954796362195, 0.615954796362195, 0.615954796362195, 0.21957328582560462, 0.615954796362195, 0.615954796362195, 0.615954796362195, 0.21957328582560462, 0.615954796362195, 0.615954796362195, 0.615954796362195, 0.615954796362195, 0.615954796362195, 0.21957328582560462, 0.615954796362195, 0.615954796362195, 0.615954796362195, 0.615954796362195, 0.615954796362195, 0.615954796362195, 0.21957328582560462, 0.615954796362195, 0.615954796362195, 0.615954796362195, 0.615954796362195, 0.615954796362195, 0.615954796362195, 0.615954796362195, 0.615954796362195, 0.615954796362195, 0.615954796362195, 0.615954796362195, 0.615954796362195, 0.615954796362195, 0.615954796362195, 0.615954796362195, 0.615954796362195, 0.615954796362195, 0.21957328582560462, 0.21957328582560462]",0.92,60,test,,0.0,9
0.25,0,25,75,0,100,1,0,0,0,0,1,0,0,0,1,0,1,0,0,"(array([0.75753897]), array([0.632613]), array([0.35699534]), array([0.235484]))",['DeepSeekQwen (32B)'],"[0.21957328582560462, 0.615954796362195, 0.615954796362195, 0.615954796362195, 0.21957328582560462, 0.21957328582560462, 0.21957328582560462, 0.615954796362195, 0.615954796362195, 0.615954796362195, 0.615954796362195, 0.21957328582560462, 0.615954796362195, 0.615954796362195, 0.615954796362195, 0.615954796362195, 0.615954796362195, 0.21957328582560462, 0.21957328582560462, 0.21957328582560462, 0.615954796362195, 0.615954796362195, 0.21957328582560462, 0.615954796362195, 0.615954796362195, 0.615954796362195, 0.615954796362195, 0.615954796362195, 0.615954796362195, 0.615954796362195, 0.615954796362195, 0.615954796362195, 0.615954796362195, 0.21957328582560462, 0.21957328582560462, 0.615954796362195, 0.615954796362195, 0.615954796362195, 0.615954796362195, 0.21957328582560462, 0.615954796362195, 0.21957328582560462, 0.615954796362195, 0.21957328582560462, 0.615954796362195, 0.615954796362195, 0.615954796362195, 0.615954796362195, 0.615954796362195, 0.615954796362195, 0.615954796362195, 0.615954796362195, 0.615954796362195, 0.615954796362195, 0.615954796362195, 0.615954796362195, 0.615954796362195, 0.615954796362195, 0.21957328582560462, 0.21957328582560462, 0.21957328582560462, 0.615954796362195, 0.615954796362195, 0.615954796362195, 0.615954796362195, 0.615954796362195, 0.21957328582560462, 0.615954796362195, 0.615954796362195, 0.21957328582560462, 0.615954796362195, 0.615954796362195, 0.21957328582560462, 0.615954796362195, 0.615954796362195, 0.615954796362195, 0.615954796362195, 0.615954796362195, 0.615954796362195, 0.615954796362195, 0.615954796362195, 0.21957328582560462, 0.615954796362195, 0.615954796362195, 0.21957328582560462, 0.615954796362195, 0.615954796362195, 0.615954796362195, 0.615954796362195, 0.21957328582560462, 0.615954796362195, 0.21957328582560462, 0.615954796362195, 0.615954796362195, 0.21957328582560462, 0.615954796362195, 0.615954796362195, 0.615954796362195, 0.615954796362195, 0.615954796362195]",0.0,61,test,,0.0,0
0.99,97,2,1,0,100,0,1,1,1,0,0,0,55,0,1,0,1,0,0,"(array([0.75753897]), array([0.632613]), array([0.35699534]), array([0.235484]))",['DeepSeekQwen (32B)'],"[0.615954796362195, 0.615954796362195, 0.615954796362195, 0.615954796362195, 0.615954796362195, 0.615954796362195, 0.615954796362195, 0.615954796362195, 0.615954796362195, 0.615954796362195, 0.615954796362195, 0.615954796362195, 0.615954796362195, 0.615954796362195, 0.615954796362195, 0.615954796362195, 0.615954796362195, 0.615954796362195, 0.615954796362195, 0.615954796362195, 0.615954796362195, 0.615954796362195, 0.615954796362195, 0.615954796362195, 0.615954796362195, 0.615954796362195, 0.615954796362195, 0.615954796362195, 0.615954796362195, 0.615954796362195, 0.615954796362195, 0.615954796362195, 0.615954796362195, 0.615954796362195, 0.615954796362195, 0.615954796362195, 0.615954796362195, 0.615954796362195, 0.615954796362195, 0.615954796362195, 0.615954796362195, 0.615954796362195, 0.615954796362195, 0.615954796362195, 0.615954796362195, 0.615954796362195, 0.615954796362195, 0.615954796362195, 0.615954796362195, 0.615954796362195, 0.615954796362195, 0.615954796362195, 0.615954796362195, 0.615954796362195, 0.615954796362195, 0.21957328582560462, 0.615954796362195, 0.615954796362195, 0.615954796362195, 0.615954796362195, 0.615954796362195, 0.615954796362195, 0.615954796362195, 0.615954796362195, 0.615954796362195, 0.615954796362195, 0.615954796362195, 0.615954796362195, 0.21957328582560462, 0.615954796362195, 0.615954796362195, 0.615954796362195, 0.615954796362195, 0.615954796362195, 0.615954796362195, 0.615954796362195, 0.615954796362195, 0.615954796362195, 0.615954796362195, 0.615954796362195, 0.615954796362195, 0.615954796362195, 0.615954796362195, 0.615954796362195, 0.615954796362195, 0.615954796362195, 0.615954796362195, 0.615954796362195, 0.615954796362195, 0.615954796362195, 0.615954796362195, 0.615954796362195, 0.615954796362195, 0.615954796362195, 0.615954796362195, 0.615954796362195, 0.615954796362195, 0.615954796362195, 0.615954796362195, 0.615954796362195]",0.97,62,test,,0.0,9
0.79,12,67,20,1,100,4,0,1,0,0,0,1,0,0,1,0,1,0,0,"(array([0.75753897]), array([0.632613]), array([0.35699534]), array([0.235484]))",['DeepSeekQwen (32B)'],"[0.21957328582560462, 0.21957328582560462, 0.21957328582560462, 0.21957328582560462, 0.615954796362195, 0.21957328582560462, 0.21957328582560462, 0.21957328582560462, 0.615954796362195, 0.21957328582560462, 0.21957328582560462, 0.21957328582560462, 0.21957328582560462, 0.21957328582560462, 0.615954796362195, 0.21957328582560462, 0.615954796362195, 0.21957328582560462, 0.21957328582560462, 0.615954796362195, 0.615954796362195, 0.21957328582560462, 0.21957328582560462, 0.21957328582560462, 0.21957328582560462, 0.615954796362195, 0.21957328582560462, 0.21957328582560462, 0.615954796362195, 0.21957328582560462, 0.615954796362195, 0.21957328582560462, 0.21957328582560462, 0.21957328582560462, 0.615954796362195, 0.21957328582560462, 0.21957328582560462, 0.615954796362195, 0.615954796362195, 0.21957328582560462, 0.615954796362195, 0.21957328582560462, 0.21957328582560462, 0.21957328582560462, 0.21957328582560462, 0.615954796362195, 0.21957328582560462, 0.615954796362195, 0.615954796362195, 0.21957328582560462, 0.21957328582560462, 0.21957328582560462, 0.21957328582560462, 0.615954796362195, 0.21957328582560462, 0.21957328582560462, 0.21957328582560462, 0.21957328582560462, 0.21957328582560462, 0.615954796362195, 0.21957328582560462, 0.21957328582560462, 0.615954796362195, 0.615954796362195, 0.21957328582560462, 0.21957328582560462, 0.615954796362195, 0.21957328582560462, 0.21957328582560462, 0.21957328582560462, 0.21957328582560462, 0.615954796362195, 0.615954796362195, 0.615954796362195, 0.21957328582560462, 0.615954796362195, 0.21957328582560462, 0.615954796362195, 0.21957328582560462, 0.615954796362195, 0.21957328582560462, 0.615954796362195, 0.21957328582560462, 0.615954796362195, 0.21957328582560462, 0.615954796362195, 0.21957328582560462, 0.615954796362195, 0.21957328582560462, 0.615954796362195, 0.21957328582560462, 0.21957328582560462, 0.21957328582560462, 0.21957328582560462, 0.21957328582560462, 0.21957328582560462, 0.21957328582560462, 0.21957328582560462, 0.21957328582560462, 0.21957328582560462]",0.13,63,test,,0.0,1
